   0.0000000000000000        4.0999999999999996        4.1315789473684204        4.1631578947368419        4.1947368421052627        4.2263157894736842        4.2578947368421050        4.2894736842105265        4.3210526315789473        4.3526315789473680        4.3842105263157896        4.4157894736842103        4.4473684210526319        4.4789473684210526        4.5105263157894733        4.5421052631578949        4.5736842105263156        4.6052631578947372        4.6368421052631579        4.6684210526315795        4.7000000000000002     
  -22.000000000000000       0.10192116682368078       0.14621321919625158       0.19174602412666564       0.19593608508382887       0.19622950525651645       0.19627310499080877       0.19640233088924067       0.19652707416567533       0.19654940372243182       0.19659972386986033       0.19665459057553097       0.19681893795194313       0.19687216067632796       0.19693612682802944       0.19710391375556377       0.19715476780242461       0.19720082212013354       0.19721607131840360       0.19723050341278106       0.19724234840029325     
  -21.714285714285715       0.10031846849466071       0.13291920696651907       0.18817013138119104       0.19573691586916198       0.19620771133591036       0.19626446918985457       0.19636570567273073       0.19651745628104339       0.19654482111126736       0.19658917489228431       0.19664013953802226       0.19679242092044702       0.19686469397714110       0.19691985649227922       0.19707743129875374       0.19714823279838722       0.19719409477207839       0.19721348105003553       0.19722849546041071       0.19724090732720864     
  -21.428571428571427        9.9441598534009787E-002  0.12151499698692597       0.18224871282868818       0.19537503654138413       0.19617102346138227       0.19625722405175647       0.19633467755872008       0.19650162973186500       0.19654104134334410       0.19657837353926222       0.19662965272087465       0.19675827879027805       0.19685795997871061       0.19690714789783115       0.19704288805990569       0.19714198408765948       0.19718531559837435       0.19721120901130665       0.19722625077492395       0.19723885491883211     
  -21.142857142857142        9.8966278639903885E-002  0.11282815653629280       0.17335832431975384       0.19469989620307279       0.19611129786998957       0.19624943158512323       0.19630991976332801       0.19647724036571534       0.19653725234980055       0.19656802941588933       0.19662080453506969       0.19672161799502622       0.19685029110315380       0.19689566886418564       0.19700502278276416       0.19713437936648770       0.19717538796902900       0.19720881633674853       0.19722352506355231       0.19723635318277655     
  -20.857142857142858        9.8707911811135710E-002  0.10688873256129811       0.16160451861868860       0.19344198517429595       0.19601554892123502       0.19623867880511109       0.19629077445049065       0.19644406826311772       0.19653255611232406       0.19655890470288970       0.19661181530472152       0.19668888760065509       0.19683934257259503       0.19688467483408248       0.19697061249508244       0.19712314723868621       0.19716557339645210       0.19720564925683520       0.19722035103708421       0.19723376000028672     
  -20.571428571428573        9.8561399181176540E-002  0.10318031135947189       0.14810686676708873       0.19114816667276341       0.19585728809040628       0.19622131023416248       0.19627633712365467       0.19640587009762578       0.19652564816325177       0.19655155000175611       0.19660182692633502       0.19666359588323895       0.19682231686829110       0.19687466882789534       0.19694380891400429       0.19710556115920783       0.19715679005722378       0.19720095973606658       0.19721707801633664       0.19723133831495440     
  -20.285714285714285        9.8472749807742982E-002  0.10102062940974045       0.13467510910002900       0.18714646746419772       0.19558001029561406       0.19619145851173236       0.19626518442692945       0.19636874419850792       0.19651452485224336       0.19654584511575093       0.19659094301146018       0.19664548262709131       0.19679691240147876       0.19686606395341402       0.19692432187403652       0.19707937916828122       0.19714913151379032       0.19719417799071876       0.19721406130353689       0.19722904189679619     
  -20.000000000000000        9.8415445964700782E-002   9.9818810691626486E-002  0.12294038593909447       0.18063689614430148       0.19507196173413838       0.19614003853675863       0.19625517493812175       0.19633686497906963       0.19649659989596366       0.19654105268384198       0.19657977560610038       0.19663234682050965       0.19676345302514253       0.19685819759008236       0.19690943009305728       0.19704492300215426       0.19714169020096156       0.19718535065997878       0.19721129416245525       0.19722659432765136     
  -19.714285714285715        9.8377728143933432E-002   9.9164625433477496E-002  0.11385910387682376       0.17110921924302042       0.19412661641167187       0.19605299106020724       0.19624348652084153       0.19631104690318893       0.19646978963457315       0.19653615900933741       0.19656901636611127       0.19662163119664644       0.19672646069507613       0.19684931240376027       0.19689656952083048       0.19700672560083229       0.19713265171610470       0.19717530987819343       0.19720834411218535       0.19722372164193869     
  -19.428571428571427        9.8353560255746278E-002   9.8810207092408633E-002  0.10756172528718097       0.15885410612148526       0.19238407504134783       0.19590580134493957       0.19622619490064583       0.19629057011166884       0.19643473748024745       0.19652991977468975       0.19655939171465217       0.19661129962028132       0.19669246244058089       0.19683685321550565       0.19688468124947819       0.19697156752488099       0.19711947038738836       0.19716521812504381       0.19720449646996449       0.19722039681758896     
  -19.142857142857142        9.8338626985230271E-002   9.8612676272730834E-002  0.10358099832668317       0.14522394214748865       0.18927447166991176       0.19564959229718953       0.19619711093286232       0.19627430249588712       0.19639606007512100       0.19652057697132486       0.19655141290969488       0.19660034914760297       0.19666553042475846       0.19681789120817370       0.19687396396084031       0.19694374942137502       0.19709927638995620       0.19715588814892265       0.19719897878575407       0.19721690468990882     
  -18.857142857142858        9.8329393725147263E-002   9.8497322462667777E-002  0.10124511293501195       0.13201995002200484       0.18402474507175923       0.19518603452913708       0.19614605769796667       0.19626029409519249       0.19635966997588067       0.19650568797893719       0.19654489846925677       0.19658881320072086       0.19664578993621523       0.19679037263048957       0.19686450364702990       0.19692310095198395       0.19707020147941784       0.19714725816810560       0.19719134161292978       0.19721353946680359     
  -18.571428571428573        9.8323094257302207E-002   9.8426413629366383E-002   9.9938361921690824E-002  0.12079318059296905       0.17592035267645800       0.19432884133099185       0.19605638225757233       0.19624533518823081       0.19632872472510207       0.19648268063245383       0.19653895589908446       0.19657723690741763       0.19663107150955800       0.19675539146754586       0.19685526154887004       0.19690700847596657       0.19703367282928033       0.19713812572598033       0.19718186535349078       0.19721021305376546     
  -18.285714285714285        9.8317703483825625E-002   9.8382127795773960E-002   9.9223685665234082E-002  0.11231027013047465       0.16483138660894145       0.19274793232462986       0.19589966638011791       0.19622459785216168       0.19630325193265974       0.19645065886715407       0.19653224316470763       0.19656626530563392       0.19661875676723117       0.19671817479221035       0.19684404385773949       0.19689313210120857       0.19699528642319827       0.19712623288966219       0.19717148753672065       0.19720637757539444     
  -18.000000000000000        9.8311907332706922E-002   9.8354943076847751E-002   9.8835484111735775E-002  0.10655078341040031       0.15161832078190415       0.18990731807599431       0.19562262931621657       0.19619049407201400       0.19628203741373584       0.19641250196865095       0.19652295285710875       0.19655653064102632       0.19660691163543881       0.19668502086528666       0.19682790811272832       0.19688061286536401       0.19696152846688136       0.19710863795483347       0.19716118115872197       0.19720123689447064     
  -17.714285714285715        9.8305243483694918E-002   9.8338542553036173E-002   9.8619524367386177E-002  0.10297388107725174       0.13799659630039462       0.18506581989272586       0.19512075635002793       0.19613033668407459       0.19626303451812310       0.19637400290459392       0.19650863894193454       0.19654825733376952       0.19659478115570495       0.19665907545612080       0.19680404321400399       0.19686941707414066       0.19693528068928470       0.19708270729777133       0.19715131178292339       0.19719413617556186     
  -17.428571428571431        9.8298166916837890E-002   9.8328301228733095E-002   9.8494930216204757E-002  0.10089703089575867       0.12570203749087405       0.17746094229758125       0.19419595196356840       0.19602253168162914       0.19624247899027225       0.19633964784974395       0.19648658715389686       0.19654083806761699       0.19658253356918423       0.19663969376193430       0.19677172287612754       0.19685890463196556       0.19691532157239028       0.19704822813064282       0.19714116386887004       0.19718503498383852     
  -17.142857142857142        9.8291486254602572E-002   9.8320912235839608E-002   9.8420694064385486E-002   9.9742083296189860E-002  0.11590049195596969       0.16683088543478480       0.19249770384039144       0.19582943290673754       0.19621396147088863       0.19631028652341667       0.19645541776746986       0.19653288804726873       0.19657066763714293       0.19662441585385071       0.19673433853352701       0.19684716349621029       0.19689905465635080       0.19700930086862636       0.19712876088367984       0.19717462782779965     
  -16.857142857142858        9.8285408843678937E-002   9.8314188623426141E-002   9.8376344908128618E-002   9.9110632938807050E-002  0.10891947351397674       0.15386170875227662       0.18946636881380463       0.19548158598103918       0.19616686408629835       0.19628443994513284       0.19641728943886735       0.19652238656759619       0.19655972672515229       0.19661083867166093       0.19669823279208168       0.19683127188136626       0.19688480759373986       0.19697264683779120       0.19711117539820813       0.19716380994019908     
  -16.571428571428569        9.8279100991919513E-002   9.8307031640512910E-002   9.8350122803813264E-002   9.8765973070978161E-002  0.10440536630708309       0.14017988743228335       0.18433438382962394       0.19484636500459440       0.19608304014733446       0.19625925250631357       0.19637760169637791       0.19650667782050218       0.19654999554065491       0.19659762645818693       0.19666824706661307       0.19680818151410551       0.19687202892692113       0.19694278677287941       0.19708555930752997       0.19715296798066825     
  -16.285714285714285        9.8270804242522103E-002   9.8299438284910917E-002   9.8334350231176773E-002   9.8573129328459838E-002  0.10171103995643445       0.12756494008755948       0.17637394161046852       0.19367762454747189       0.19593080052065326       0.19622939775386208       0.19634093642666325       0.19648296852016606       0.19654095982151112       0.19658454405608639       0.19664519323757973       0.19677659069022513       0.19685997601603561       0.19691979709712187       0.19705127847343623       0.19714146540050781     
  -16.000000000000000        9.8258008195935803E-002   9.8291994955439083E-002   9.8323858109875595E-002   9.8462612253119461E-002  0.10018550910078061       0.11731051701094627       0.16541450736689559       0.19155126148599011       0.19565360305369509       0.19618518595896769       0.19630802230044223       0.19645005839337401       0.19653110939792073       0.19657186889119435       0.19662711695511376       0.19673916363304023       0.19684670036605031       0.19690137334422980       0.19701200377966224       0.19712736240331188     
  -15.714285714285715        9.8237788624409073E-002   9.8284842999739108E-002   9.8315337903637862E-002   9.8398554605878111E-002   9.9346550994691321E-002  0.10987726635160348       0.15226646051022233       0.18782301893719716       0.19514703536891981       0.19610967068923577       0.19627641785753183       0.19641038845710584       0.19651807019279793       0.19655996488117614       0.19661156262727356       0.19670197130329573       0.19682916112423510       0.19688554401507080       0.19697436392174691       0.19710769697589983     
  -15.428571428571429        9.8207987969338578E-002   9.8277007328648441E-002   9.8307045296469400E-002   9.8361533430495224E-002   9.8888521603341134E-002  0.10499729267391179       0.13862165286841413       0.18169232487312595       0.19421642901062847       0.19597304266430518       0.19624115571831266       0.19636912716902208       0.19649884304869472       0.19654892254639228       0.19659697912348165       0.19667022545107657       0.19680429180730133       0.19687130684242191       0.19694313716264578       0.19707976914215442     
  -15.142857142857142        9.8169292068308170E-002   9.8266396512388096E-002   9.8298579880535697E-002   9.8339714459412905E-002   9.8635754503198725E-002  0.10205081142138238       0.12623036709780547       0.17256882247424313       0.19251472093370231       0.19572213821297146       0.19619288430417733       0.19632975038678510       0.19647074606040002       0.19653796633679574       0.19658289179259955       0.19664521301275731       0.19677111428904714       0.19685746939476553       0.19691869913294324       0.19704356851121865     
  -14.857142857142858        9.8125865058227943E-002   9.8250071257620142E-002   9.8290166755073127E-002   9.8325629806448045E-002   9.8494057828375128E-002  0.10036944065663865       0.11629578398706651       0.16063156693369662       0.18948393077021228       0.19526051379046391       0.19611427677223142       0.19629118624989167       0.19643347745243178       0.19652515150574401       0.19656933508471447       0.19662524075118346       0.19673280924748163       0.19684165284925051       0.19689893392028299       0.19700353170920837     
  -14.571428571428571        9.8081820031530598E-002   9.8224899593251785E-002   9.8281486973884419E-002   9.8314751336803161E-002   9.8413911510832314E-002   9.9441569889697476E-002  0.10918315474809215       0.14707136850971755       0.18435659261315010       0.19441099278711516       0.19597411968221942       0.19624812235637831       0.19639035701437293       0.19650753231496332       0.19655637761805667       0.19660802111008660       0.19669551137990163       0.19682056665599823       0.19688187088840436       0.19696625098964318     
  -14.285714285714285        9.8036181052619548E-002   9.8189151718217044E-002   9.8270959486186901E-002   9.8304763411172100E-002   9.8368433773875330E-002   9.8933281218888350E-002  0.10456249219782980       0.13371479299021158       0.17640351113360273       0.19285602704582727       0.19571632207474779       0.19619020314389515       0.19634557722206214       0.19648182944721654       0.19654362411770096       0.19659210816737566       0.19666383959558553       0.19679155329711173       0.19686612426075531       0.19693559597054847     
  -14.000000000000000        9.7980456769590163E-002   9.8144264733334860E-002   9.8255760735733624E-002   9.8294895888780945E-002   9.8341777970976679E-002   9.8654794772017704E-002  0.10179370929685326       0.12215413014299720       0.16545112870966797       0.19007148945879224       0.19523944704488991       0.19609787181905372       0.19629934096769597       0.19644610190868125       0.19652956445456632       0.19657692689750225       0.19663846264977572       0.19675505617037739       0.19684975266980212       0.19691121058803721     
  -13.714285714285714        9.7896931334645665E-002   9.8093593089170192E-002   9.8232321123698896E-002   9.8284742182120660E-002   9.8324440583435979E-002   9.8500754203760268E-002  0.10022061930778607       0.11328201258878944       0.15230631334703140       0.18532271272594505       0.19435939482866002       0.19593490271782063       0.19624569805341940       0.19640160076998536       0.19651136169498867       0.19656219957990390       0.19661756649584344       0.19671574370948083       0.19682968053140981       0.19689092224146088     
  -13.428571428571429        9.7753664025390749E-002   9.8037001272410024E-002   9.8197538510672616E-002   9.8272959027981235E-002   9.8311001125004169E-002   9.8415017940532604E-002   9.9352920255404209E-002  0.10717313421604638       0.13865911494281816       0.17783865359453843       0.19274964438636333       0.19563536669998149       0.19617149415781779       0.19635148730038218       0.19648537449211576       0.19654742238188516       0.19659916085979690       0.19667953741115093       0.19680267383280425       0.19687276461558498     
  -13.142857142857142        9.7492123773506842E-002   9.7965430205820714E-002   9.8150552285129436E-002   9.8256719847628723E-002   9.8298775125864810E-002   9.8366645231227096E-002   9.8879021278915999E-002  0.10333114281485072       0.12626042647507246       0.16732480914317652       0.18987779717752681       0.19507990791794974       0.19605172978300925       0.19629562026445987       0.19644863481144700       0.19653116553027650       0.19658200908242321       0.19664936335273353       0.19676768019245239       0.19685470741112268     
  -12.857142857142858        9.7005031902351976E-002   9.7856962817913132E-002   9.8092502037114768E-002   9.8232000179894974E-002   9.8286391611085669E-002   9.8337691042897649E-002   9.8620042742028860E-002  0.10108240525198052       0.11631550173524283       0.15442216646744297       0.18499233096915590       0.19405404294061246       0.19583960165729131       0.19622601960377187       0.19640069132768456       0.19651051647921550       0.19656530905323510       0.19662459974710664       0.19672786758564273       0.19683377766648294     
  -12.571428571428571        9.6099056254099771E-002   9.7670255376885215E-002   9.8021430333794637E-002   9.8194604528729704E-002   9.8272087320227630E-002   9.8317847437182207E-002   9.8478096093153625E-002   9.9819992652669401E-002  0.10919178906995450       0.14073095250118403       0.17734107595136472       0.19218493394929700       0.19544915853408806       0.19612394754707466       0.19634269070199672       0.19648137285789471       0.19654810370047104       0.19660328900071700       0.19668910110940183       0.19680657606857566     
  -12.285714285714286        9.4448740163597444E-002   9.7329074195203244E-002   9.7924647099030968E-002   9.8141667785783329E-002   9.8252567136517283E-002   9.8301493840469753E-002   9.8399388002409716E-002   9.9127351904264221E-002  0.10456081920655055       0.12803803325786656       0.16666861045557696       0.18888398105986862       0.19472496242063686       0.19595340814083589       0.19627177840263763       0.19643982091572423       0.19652854432567685       0.19658371430600041       0.19665548566403213       0.19677149535143973     
  -12.000000000000000        9.1557445193156228E-002   9.6695218853816975E-002   9.7771440233353407E-002   9.8071195102320347E-002   9.8222939533171863E-002   9.8285438291750835E-002   9.8353918276329458E-002   9.8750884967979305E-002  0.10178317323355554       0.11766756552740822       0.15367452291923858       0.18336732387912227       0.19339179716167032       0.19564704175459183       0.19617452419080708       0.19638365265967736       0.19650314287033113       0.19656443981990521       0.19662739671301466       0.19673101222381581     
  -11.714285714285714        8.6831035793885375E-002   9.5526454251043155E-002   9.7502737419512570E-002   9.7976212664216369E-002   9.8177550144165932E-002   9.8266620942275618E-002   9.8324576010282647E-002   9.8546040635260637E-002  0.10020296973129193       0.11011388779297898       0.13999268729460324       0.17494999800512773       0.19098770969982862       0.19508127599634520       0.19602093181709834       0.19631062099799812       0.19646686384071987       0.19654372175714063       0.19660310745894657       0.19669068213630619     
  -11.428571428571429        7.9811126123212950E-002   9.3425354467974592E-002   9.7009366464586744E-002   9.7834667598273722E-002   9.8110929864461904E-002   9.8240396836899280E-002   9.8301731666342304E-002   9.8433446894235554E-002   9.9330658027900504E-002  0.10513210448747791       0.12739905959032363       0.16358881847949633       0.18683052366718103       0.19403490596168996       0.19575348935697054       0.19621134254733422       0.19641431482660465       0.19651866383602687       0.19658051234401425       0.19665479957526313     
  -11.142857142857142        7.0575183698564956E-002   8.9840502025426261E-002   9.6096990303458932E-002   9.7597880117965483E-002   9.8015821018436630E-002   9.8200052892887607E-002   9.8279457962641384E-002   9.8369060224161753E-002   9.8856129752131011E-002  0.10211117290117097       0.11717626270963720       0.15024632120907927       0.18012244322556356       0.19212784437848326       0.19526537409558581       0.19606003383739956       0.19634027611157437       0.19648431599374513       0.19655732069462120       0.19662399841473036     
  -10.857142857142858        5.9919460265470140E-002   8.4185939194654086E-002   9.4439031018322350E-002   9.7172195666606342E-002   9.7874595116367494E-002   9.8137213255719044E-002   9.8252248015061897E-002   9.8327930236770986E-002   9.8598660266099328E-002  0.10038020590367401       0.10977321149797244       0.13668020005510298       0.17038926409906832       0.18876581385758737       0.19436323765559091       0.19580345859997789       0.19623546835343825       0.19643358857822174       0.19653041173524866       0.19659646111022910     
  -10.571428571428571        4.8976299708101474E-002   7.6191411941711792E-002   9.1537680248317030E-002   9.6388992755901334E-002   9.7645163894211198E-002   9.8041336187759801E-002   9.8212621853967050E-002   9.8295624935800560E-002   9.8457353246839852E-002   9.9422314317294619E-002  0.10491447889354667       0.12458945184179025       0.15798805282976316       0.18316387107500337       0.19271082088978894       0.19534121104249000       0.19607602809007124       0.19635775517896950       0.19649474155440005       0.19656934902375961     
  -10.285714285714286        3.8800451453056273E-002   6.6230122211337172E-002   8.6798488784119221E-002   9.4959800424187987E-002   9.7241337045470500E-002   9.7894002338776043E-002   9.8150056837838243E-002   9.8262360607272073E-002   9.8375442883728320E-002   9.8899638258273831E-002  0.10197829211343648       0.11505838816926200       0.14432437207845644       0.17464848498174673       0.18976885751193825       0.19449023775424773       0.19580925828820164       0.19624424967278881       0.19644216595466535       0.19653877676859677     
  -10.000000000000000        2.9984188526197997E-002   5.5315272445358631E-002   7.9764756987846019E-002   9.2429534788156645E-002   9.6504715938824440E-002   9.7654772036837686E-002   9.8050100047585284E-002   9.8218338318665485E-002   9.8320860054739681E-002   9.8616038609748671E-002  0.10029934998436757       0.10833519679760061       0.13120256853388859       0.16320428609557502       0.18478373190667102       0.19293020215621237       0.19533298573507127       0.19606712256844419       0.19636076791674337       0.19649881991576054     
  -9.7142857142857135        2.2762907872932107E-002   4.4584529177848824E-002   7.0517692856524566E-002   8.8213882485586759E-002   9.5161934998773193E-002   9.7238375455044004E-002   9.7889911648306641E-002   9.8150411025252321E-002   9.8273829033530977E-002   9.8458122129763057E-002   9.9370782356328374E-002  0.10401902092630214       0.12013128285544862       0.14982441718961867       0.17701307787661716       0.19014017881532877       0.19445997412282937       0.19576977662928682       0.19623278226543797       0.19643979699450523     
  -9.4285714285714288        1.7057479756666941E-002   3.4930705993956652E-002   5.9856856841373665E-002   8.1783002391223325E-002   9.2776262597172532E-002   9.6484736921404288E-002   9.7624932458716521E-002   9.8039568271067037E-002   9.8218712104423456E-002   9.8361718372553461E-002   9.8864176621630287E-002  0.10145186444073556       0.11182095974159749       0.13627760549927956       0.16623047603992255       0.18539119210096164       0.19286269743193293       0.19524028870893867       0.19602568035672790       0.19634618463004389     
  -9.1428571428571423        1.2670229284102080E-002   2.6771634604028309E-002   4.8915217940866694E-002   7.3048771481407843E-002   8.8771677715458214E-002   9.5116476735952388E-002   9.7163186220287107E-002   9.7855861228428195E-002   9.8137586248315881E-002   9.8288971420204929E-002   9.8585429404609973E-002   9.9998632878144159E-002  0.10620641738385363       0.12424999029575144       0.15317355668706578       0.17791409292387891       0.19001091005284962       0.19427278631347528       0.19567250044156756       0.19619318535088640     
  -8.8571428571428577        9.3604033456634855E-003   2.0201858215679963E-002   3.8745571738147487E-002   6.2646630849172810E-002   8.2595090794562925E-002   9.2691705650578424E-002   9.6331026642447040E-002   9.7544634359065158E-002   9.8004939528334750E-002   9.8213038180985895E-002   9.8422024583277631E-002   9.9195449666814761E-002  0.10272723240559928       0.11480031989858937       0.13949625212242461       0.16740953806504683       0.18516932372494230       0.19250987005703810       0.19504134482925115       0.19593668140225634     
  -8.5714285714285712        6.8968470494127380E-003   1.5075544253784923E-002   2.9937785568013593E-002   5.1674145151252626E-002   7.4100829594196116E-002   8.8631636957314117E-002   9.4828888254859078E-002   9.6997544014551726E-002   9.7780210610209459E-002   9.8107229759812814E-002   9.8307300583724430E-002   9.8753782929004053E-002  0.10070379747635659       0.10815264377011920       0.12696494552696880       0.15450987781891951       0.17757573400436105       0.18938657534730716       0.19389051697132167       0.19549020201215778     
  -8.2857142857142865        5.0806139255306490E-003   1.1168040781665705E-002   2.2725107418258918E-002   4.1223613843051045E-002   6.3822185184757477E-002   8.2388416402839990E-002   9.2188035723452105E-002   9.6012904750817862E-002   9.7391403532381890E-002   9.7935550062250770E-002   9.8196446876403970E-002   9.8497289933032486E-002   9.9570351968319704E-002  0.10389208263130793       0.11683304521094663       0.14080917880056132       0.16695969680978168       0.18413453869120527       0.19180754297176789       0.19468701300485969     
  -8.0000000000000000        3.7506379761959550E-003   8.2382580913802957E-003   1.7027345322544508E-002   3.2029787469909511E-002   5.2853986302545106E-002   7.3833042034731650E-002   8.7818618534509701E-002   9.4249402805210672E-002   9.6700961846809083E-002   9.7641162040676410E-002   9.8048082511580828E-002   9.8321406187245899E-002   9.8938795664770124E-002  0.10135699682387928       0.10951829002816631       0.12809348735426571       0.15399376855621175       0.17603812020254136       0.18816382246524860       0.19322663168505622     
