 0.00000000e+00  4.10000000e+00  4.13157895e+00  4.16315789e+00  4.19473684e+00  4.22631579e+00  4.25789474e+00  4.28947368e+00  4.32105263e+00  4.35263158e+00  4.38421053e+00  4.41578947e+00  4.44736842e+00  4.47894737e+00  4.51052632e+00  4.54210526e+00  4.57368421e+00  4.60526316e+00  4.63684211e+00  4.66842105e+00  4.70000000e+00
-2.20000000e+01  4.37437080e+03  4.87669836e+03  4.53578396e+03  3.78415160e+03  4.79703424e+02  2.78561644e+02  5.96201987e+02  7.40992854e+02  8.56566504e+02  8.26084209e+02  8.56566504e+02  2.04382398e+03  2.73110014e+03  2.27852496e+03  2.68648580e+02  4.55074998e+01  1.71076467e+01  1.37647926e+01  2.79480770e+00  5.47264686e-01
-2.17142857e+01  4.06857251e+03  4.87669836e+03  4.70315322e+03  4.21870179e+03  7.96686675e+02  2.59088289e+02  5.74985182e+02  7.14623433e+02  8.26084209e+02  8.88173588e+02  8.88173588e+02  1.76805766e+03  2.63390956e+03  2.44978135e+03  4.97404357e+02  5.07333191e+01  2.28604306e+01  1.19075552e+01  4.31711018e+00  8.15270747e-01
-2.14285714e+01  3.64948648e+03  4.87669836e+03  5.05664728e+03  4.37437080e+03  1.27604363e+03  2.59088289e+02  5.15758450e+02  6.64666392e+02  8.56566504e+02  8.88173588e+02  8.88173588e+02  1.37195244e+03  2.63390956e+03  2.54017766e+03  8.26084209e+02  6.08102950e+01  2.94606126e+01  1.03009087e+01  5.76882371e+00  1.08942163e+00
-2.11428571e+01  3.27356870e+03  4.87669836e+03  5.05664728e+03  4.70315322e+03  2.04382398e+03  2.88840497e+02  4.46168890e+02  6.64666392e+02  8.26084209e+02  9.54929671e+02  9.20946965e+02  1.18683949e+03  2.44978135e+03  2.54017766e+03  1.27604363e+03  7.83672267e+01  3.66152813e+01  1.10751361e+01  8.28809911e+00  1.35399355e+00
-2.08571429e+01  2.73110014e+03  4.53578396e+03  5.05664728e+03  4.87669836e+03  2.83187704e+03  3.58986969e+02  3.85968816e+02  6.64666392e+02  7.96686675e+02  9.54929671e+02  8.56566504e+02  9.90166330e+02  2.19743999e+03  2.54017766e+03  1.76805766e+03  1.30151511e+02  4.08199694e+01  1.32749503e+01  9.23985670e+00  1.74491374e+00
-2.05714286e+01  2.11924056e+03  4.53578396e+03  5.05664728e+03  5.05664728e+03  3.78415160e+03  5.34789804e+02  3.46211841e+02  6.18201687e+02  7.68335300e+02  9.54929671e+02  8.88173588e+02  8.88173588e+02  1.97109122e+03  2.54017766e+03  2.04382398e+03  2.32400727e+02  4.55074998e+01  1.71076467e+01  9.93433428e+00  2.24869902e+00
-2.02857143e+01  1.70513849e+03  4.21870179e+03  5.05664728e+03  5.05664728e+03  4.21870179e+03  8.56566504e+02  3.22009277e+02  5.74985182e+02  7.14623433e+02  9.20946965e+02  9.20946965e+02  9.20946965e+02  1.58593770e+03  2.36260195e+03  2.19743999e+03  4.30291253e+02  5.26053656e+01  2.28604306e+01  9.93433428e+00  3.11574733e+00
-2.00000000e+01  1.18683949e+03  3.78415160e+03  5.05664728e+03  5.05664728e+03  4.70315322e+03  1.32312931e+03  3.22009277e+02  5.15758450e+02  7.14623433e+02  8.88173588e+02  9.54929671e+02  9.20946965e+02  1.32312931e+03  2.19743999e+03  2.27852496e+03  7.68335300e+02  6.30541792e+01  2.94606126e+01  9.93433428e+00  4.31711018e+00
-1.97142857e+01  9.54929671e+02  3.15707350e+03  5.05664728e+03  5.05664728e+03  5.05664728e+03  2.11924056e+03  3.58986969e+02  4.62632407e+02  6.64666392e+02  8.56566504e+02  1.02670321e+03  9.54929671e+02  1.14460390e+03  2.11924056e+03  2.36260195e+03  1.18683949e+03  9.05902681e+01  3.53122677e+01  1.14838057e+01  5.98169182e+00
-1.94285714e+01  8.88173588e+02  2.63390956e+03  4.70315322e+03  5.05664728e+03  5.24323626e+03  2.93637257e+03  4.62632407e+02  4.00210966e+02  6.18201687e+02  8.26084209e+02  9.90166330e+02  9.20946965e+02  1.02670321e+03  1.83329853e+03  2.19743999e+03  1.52949956e+03  1.39933838e+02  4.08199694e+01  1.42727099e+01  6.91466432e+00
-1.91428571e+01  9.20946965e+02  2.04382398e+03  4.21870179e+03  5.05664728e+03  4.87669836e+03  3.78415160e+03  6.41013170e+02  3.72233496e+02  6.18201687e+02  7.68335300e+02  9.90166330e+02  9.90166330e+02  9.54929671e+02  1.64445839e+03  2.19743999e+03  1.83329853e+03  2.59088289e+02  4.89278925e+01  1.90721903e+01  7.99315379e+00
-1.88571429e+01  9.90166330e+02  1.58593770e+03  3.92378582e+03  5.05664728e+03  5.05664728e+03  4.21870179e+03  9.90166330e+02  3.85968816e+02  5.74985182e+02  7.68335300e+02  9.54929671e+02  1.02670321e+03  9.54929671e+02  1.32312931e+03  2.04382398e+03  1.97109122e+03  4.62632407e+02  5.65592415e+01  2.45786452e+01  8.59392783e+00
-1.85714286e+01  1.14460390e+03  1.23063356e+03  3.51961365e+03  5.05664728e+03  5.05664728e+03  4.70315322e+03  1.64445839e+03  4.00210966e+02  5.15758450e+02  7.14623433e+02  9.20946965e+02  1.02670321e+03  9.54929671e+02  1.14460390e+03  1.90094677e+03  2.04382398e+03  7.68335300e+02  7.28888242e+01  3.05477017e+01  1.06810095e+01
-1.82857143e+01  1.42257713e+03  1.02670321e+03  2.93637257e+03  4.53578396e+03  5.05664728e+03  4.87669836e+03  2.44978135e+03  4.46168890e+02  4.62632407e+02  6.64666392e+02  8.56566504e+02  1.06458830e+03  9.90166330e+02  1.06458830e+03  1.70513849e+03  1.97109122e+03  1.14460390e+03  1.04719754e+02  3.79663758e+01  1.28025399e+01
-1.80000000e+01  1.70513849e+03  1.02670321e+03  2.36260195e+03  4.53578396e+03  4.87669836e+03  4.70315322e+03  3.04472397e+03  5.96201987e+02  4.30291253e+02  6.18201687e+02  8.26084209e+02  1.02670321e+03  1.02670321e+03  9.54929671e+02  1.42257713e+03  1.83329853e+03  1.42257713e+03  1.73917525e+02  4.55074998e+01  1.64988436e+01
-1.77142857e+01  1.90094677e+03  1.10387133e+03  1.90094677e+03  4.06857251e+03  4.87669836e+03  4.70315322e+03  3.78415160e+03  9.20946965e+02  4.14978648e+02  5.74985182e+02  7.68335300e+02  9.90166330e+02  1.02670321e+03  9.20946965e+02  1.27604363e+03  1.70513849e+03  1.64445839e+03  3.22009277e+02  5.26053656e+01  2.20469054e+01
-1.74285714e+01  2.27852496e+03  1.18683949e+03  1.47506986e+03  3.39436254e+03  4.87669836e+03  4.70315322e+03  4.21870179e+03  1.37195244e+03  4.46168890e+02  5.54523410e+02  7.14623433e+02  9.54929671e+02  1.10387133e+03  9.90166330e+02  1.14460390e+03  1.52949956e+03  1.64445839e+03  5.54523410e+02  7.02949583e+01  2.74011153e+01
-1.71428571e+01  2.73110014e+03  1.42257713e+03  1.23063356e+03  3.04472397e+03  4.70315322e+03  4.70315322e+03  4.53578396e+03  2.04382398e+03  5.15758450e+02  5.15758450e+02  6.41013170e+02  9.20946965e+02  1.06458830e+03  9.90166330e+02  1.02670321e+03  1.42257713e+03  1.58593770e+03  8.56566504e+02  9.39330257e+01  3.53122677e+01
-1.68571429e+01  2.93637257e+03  1.70513849e+03  1.18683949e+03  2.54017766e+03  4.21870179e+03  4.70315322e+03  4.37437080e+03  2.73110014e+03  6.18201687e+02  4.79703424e+02  6.41013170e+02  8.56566504e+02  1.02670321e+03  1.02670321e+03  9.90166330e+02  1.32312931e+03  1.58593770e+03  1.14460390e+03  1.50451416e+02  4.38880423e+01
-1.65714286e+01  3.39436254e+03  2.04382398e+03  1.23063356e+03  2.04382398e+03  3.92378582e+03  4.53578396e+03  4.37437080e+03  3.39436254e+03  8.88173588e+02  4.62632407e+02  5.96201987e+02  7.96686675e+02  1.06458830e+03  1.02670321e+03  9.20946965e+02  1.10387133e+03  1.47506986e+03  1.32312931e+03  2.49868216e+02  5.26053656e+01
-1.62857143e+01  3.78415160e+03  2.44978135e+03  1.37195244e+03  1.64445839e+03  3.51961365e+03  4.37437080e+03  4.37437080e+03  3.92378582e+03  1.27604363e+03  4.97404357e+02  5.54523410e+02  7.14623433e+02  9.90166330e+02  1.06458830e+03  9.90166330e+02  1.02670321e+03  1.32312931e+03  1.32312931e+03  4.30291253e+02  6.53808622e+01
-1.60000000e+01  4.21870179e+03  2.83187704e+03  1.58593770e+03  1.42257713e+03  2.93637257e+03  4.37437080e+03  4.21870179e+03  4.21870179e+03  1.83329853e+03  5.74985182e+02  5.54523410e+02  6.64666392e+02  9.54929671e+02  1.02670321e+03  9.90166330e+02  9.90166330e+02  1.14460390e+03  1.27604363e+03  6.64666392e+02  8.73664679e+01
-1.57142857e+01  4.53578396e+03  3.27356870e+03  1.90094677e+03  1.37195244e+03  2.54017766e+03  3.92378582e+03  4.21870179e+03  3.92378582e+03  2.63390956e+03  7.14623433e+02  5.15758450e+02  6.18201687e+02  8.56566504e+02  1.06458830e+03  1.02670321e+03  9.20946965e+02  1.06458830e+03  1.23063356e+03  8.56566504e+02  1.39933838e+02
-1.54285714e+01  4.37437080e+03  3.78415160e+03  2.27852496e+03  1.47506986e+03  2.11924056e+03  3.51961365e+03  4.06857251e+03  3.92378582e+03  3.15707350e+03  9.54929671e+02  5.34789804e+02  5.96201987e+02  7.96686675e+02  9.90166330e+02  1.06458830e+03  9.20946965e+02  9.90166330e+02  1.14460390e+03  9.90166330e+02  2.32400727e+02
-1.51428571e+01  4.53578396e+03  4.06857251e+03  2.63390956e+03  1.70513849e+03  1.83329853e+03  3.15707350e+03  3.92378582e+03  3.78415160e+03  3.27356870e+03  1.37195244e+03  5.74985182e+02  5.54523410e+02  6.89192411e+02  9.20946965e+02  9.90166330e+02  9.90166330e+02  9.20946965e+02  1.02670321e+03  1.02670321e+03  3.58986969e+02
-1.48571429e+01  4.37437080e+03  4.53578396e+03  3.04472397e+03  2.04382398e+03  1.64445839e+03  2.83187704e+03  3.78415160e+03  3.78415160e+03  3.39436254e+03  1.83329853e+03  6.64666392e+02  5.54523410e+02  6.64666392e+02  8.56566504e+02  1.02670321e+03  9.90166330e+02  9.20946965e+02  9.54929671e+02  9.90166330e+02  5.34789804e+02
-1.45714286e+01  4.70315322e+03  4.87669836e+03  3.51961365e+03  2.19743999e+03  1.64445839e+03  2.36260195e+03  3.39436254e+03  3.64948648e+03  3.39436254e+03  2.36260195e+03  8.26084209e+02  5.74985182e+02  5.96201987e+02  7.96686675e+02  9.54929671e+02  1.02670321e+03  9.20946965e+02  8.88173588e+02  9.20946965e+02  7.14623433e+02
-1.42857143e+01  4.21870179e+03  4.53578396e+03  4.37437080e+03  2.63390956e+03  1.76805766e+03  2.11924056e+03  3.04472397e+03  3.51961365e+03  3.39436254e+03  2.73110014e+03  1.06458830e+03  5.96201987e+02  5.96201987e+02  7.14623433e+02  9.90166330e+02  1.02670321e+03  9.20946965e+02  8.26084209e+02  8.56566504e+02  7.68335300e+02
-1.40000000e+01  4.53578396e+03  4.87669836e+03  4.70315322e+03  3.04472397e+03  2.11924056e+03  1.90094677e+03  2.73110014e+03  3.39436254e+03  3.27356870e+03  2.83187704e+03  1.52949956e+03  6.64666392e+02  5.96201987e+02  6.41013170e+02  9.20946965e+02  9.90166330e+02  9.54929671e+02  7.96686675e+02  7.96686675e+02  7.40992854e+02
-1.37142857e+01  3.92378582e+03  4.87669836e+03  4.53578396e+03  3.78415160e+03  2.27852496e+03  1.90094677e+03  2.54017766e+03  3.27356870e+03  3.39436254e+03  2.93637257e+03  1.90094677e+03  7.96686675e+02  5.96201987e+02  6.41013170e+02  8.26084209e+02  9.90166330e+02  9.54929671e+02  8.26084209e+02  7.96686675e+02  7.14623433e+02
-1.34285714e+01  4.21870179e+03  4.21870179e+03  4.87669836e+03  4.21870179e+03  2.73110014e+03  2.04382398e+03  2.27852496e+03  2.93637257e+03  3.27356870e+03  2.83187704e+03  2.19743999e+03  9.90166330e+02  6.18201687e+02  6.18201687e+02  7.40992854e+02  9.20946965e+02  9.54929671e+02  8.26084209e+02  7.40992854e+02  7.14623433e+02
-1.31428571e+01  3.39436254e+03  4.53578396e+03  4.53578396e+03  4.70315322e+03  3.15707350e+03  2.27852496e+03  2.11924056e+03  2.63390956e+03  2.83187704e+03  2.73110014e+03  2.36260195e+03  1.32312931e+03  6.89192411e+02  6.18201687e+02  6.64666392e+02  8.56566504e+02  9.90166330e+02  9.20946965e+02  7.68335300e+02  6.64666392e+02
-1.28571429e+01  3.27356870e+03  4.53578396e+03  4.53578396e+03  4.37437080e+03  3.51961365e+03  2.54017766e+03  2.11924056e+03  2.36260195e+03  2.73110014e+03  2.83187704e+03  2.44978135e+03  1.64445839e+03  7.68335300e+02  6.18201687e+02  6.41013170e+02  7.68335300e+02  8.88173588e+02  9.20946965e+02  7.40992854e+02  6.18201687e+02
-1.25714286e+01  2.83187704e+03  4.06857251e+03  4.53578396e+03  4.70315322e+03  3.92378582e+03  2.93637257e+03  2.19743999e+03  2.19743999e+03  2.44978135e+03  2.73110014e+03  2.63390956e+03  1.90094677e+03  9.20946965e+02  6.41013170e+02  6.18201687e+02  7.40992854e+02  8.88173588e+02  9.20946965e+02  8.26084209e+02  6.41013170e+02
-1.22857143e+01  2.93637257e+03  3.92378582e+03  4.21870179e+03  4.53578396e+03  4.37437080e+03  3.39436254e+03  2.44978135e+03  2.11924056e+03  2.44978135e+03  2.63390956e+03  2.54017766e+03  2.19743999e+03  1.23063356e+03  6.89192411e+02  6.18201687e+02  6.41013170e+02  8.26084209e+02  8.56566504e+02  8.56566504e+02  6.64666392e+02
-1.20000000e+01  3.04472397e+03  3.15707350e+03  4.37437080e+03  4.53578396e+03  4.70315322e+03  3.92378582e+03  2.63390956e+03  2.11924056e+03  2.27852496e+03  2.27852496e+03  2.36260195e+03  2.19743999e+03  1.42257713e+03  7.68335300e+02  6.18201687e+02  6.18201687e+02  7.96686675e+02  8.56566504e+02  8.56566504e+02  7.14623433e+02
-1.17142857e+01  3.15707350e+03  3.15707350e+03  3.92378582e+03  4.06857251e+03  4.37437080e+03  3.92378582e+03  3.15707350e+03  2.44978135e+03  2.11924056e+03  2.27852496e+03  2.27852496e+03  2.19743999e+03  1.76805766e+03  9.90166330e+02  6.89192411e+02  5.96201987e+02  6.89192411e+02  8.56566504e+02  8.56566504e+02  7.40992854e+02
-1.14285714e+01  3.51961365e+03  3.27356870e+03  3.64948648e+03  3.92378582e+03  4.21870179e+03  4.21870179e+03  3.64948648e+03  2.44978135e+03  2.04382398e+03  2.04382398e+03  2.19743999e+03  2.04382398e+03  1.83329853e+03  1.14460390e+03  7.40992854e+02  6.41013170e+02  6.64666392e+02  7.40992854e+02  8.56566504e+02  7.68335300e+02
-1.11428571e+01  3.92378582e+03  3.27356870e+03  3.51961365e+03  3.92378582e+03  3.78415160e+03  4.06857251e+03  3.64948648e+03  3.04472397e+03  2.11924056e+03  1.97109122e+03  1.90094677e+03  1.97109122e+03  1.90094677e+03  1.42257713e+03  8.26084209e+02  6.41013170e+02  6.41013170e+02  7.14623433e+02  7.68335300e+02  8.56566504e+02
-1.08571429e+01  4.21870179e+03  3.78415160e+03  3.04472397e+03  3.64948648e+03  3.39436254e+03  3.78415160e+03  4.06857251e+03  3.15707350e+03  2.44978135e+03  2.04382398e+03  1.90094677e+03  1.90094677e+03  1.83329853e+03  1.58593770e+03  1.02670321e+03  7.40992854e+02  6.64666392e+02  6.89192411e+02  7.40992854e+02  8.26084209e+02
-1.05714286e+01  4.21870179e+03  4.37437080e+03  3.51961365e+03  3.39436254e+03  3.39436254e+03  3.78415160e+03  3.92378582e+03  3.27356870e+03  2.73110014e+03  1.97109122e+03  1.76805766e+03  1.83329853e+03  1.76805766e+03  1.83329853e+03  1.18683949e+03  7.96686675e+02  6.64666392e+02  6.41013170e+02  7.14623433e+02  7.40992854e+02
-1.02857143e+01  5.05664728e+03  4.70315322e+03  3.51961365e+03  3.39436254e+03  3.04472397e+03  3.39436254e+03  3.78415160e+03  3.64948648e+03  2.93637257e+03  2.36260195e+03  1.90094677e+03  1.64445839e+03  1.64445839e+03  1.83329853e+03  1.47506986e+03  9.90166330e+02  7.40992854e+02  6.18201687e+02  6.64666392e+02  7.14623433e+02
-1.00000000e+01  4.87669836e+03  4.87669836e+03  4.06857251e+03  3.39436254e+03  3.27356870e+03  3.27356870e+03  3.15707350e+03  3.51961365e+03  3.04472397e+03  2.36260195e+03  1.83329853e+03  1.64445839e+03  1.58593770e+03  1.76805766e+03  1.64445839e+03  1.14460390e+03  7.96686675e+02  6.64666392e+02  6.41013170e+02  6.89192411e+02
-9.71428571e+00  4.70315322e+03  4.87669836e+03  4.53578396e+03  4.06857251e+03  3.27356870e+03  2.93637257e+03  2.83187704e+03  3.39436254e+03  3.15707350e+03  2.63390956e+03  2.19743999e+03  1.52949956e+03  1.58593770e+03  1.70513849e+03  1.90094677e+03  1.47506986e+03  9.90166330e+02  7.40992854e+02  6.64666392e+02  7.14623433e+02
-9.42857143e+00  4.37437080e+03  4.87669836e+03  4.70315322e+03  3.92378582e+03  3.27356870e+03  2.73110014e+03  2.73110014e+03  2.93637257e+03  3.04472397e+03  2.83187704e+03  2.27852496e+03  1.64445839e+03  1.42257713e+03  1.64445839e+03  1.97109122e+03  1.70513849e+03  1.32312931e+03  8.26084209e+02  6.64666392e+02  6.64666392e+02
-9.14285714e+00  4.06857251e+03  4.70315322e+03  4.87669836e+03  4.37437080e+03  3.92378582e+03  3.15707350e+03  2.83187704e+03  2.63390956e+03  2.93637257e+03  2.83187704e+03  2.54017766e+03  1.76805766e+03  1.47506986e+03  1.42257713e+03  1.90094677e+03  2.19743999e+03  1.64445839e+03  1.06458830e+03  7.68335300e+02  6.64666392e+02
-8.85714286e+00  3.04472397e+03  4.37437080e+03  4.70315322e+03  5.63732355e+03  4.70315322e+03  3.27356870e+03  2.63390956e+03  2.54017766e+03  2.54017766e+03  2.83187704e+03  2.73110014e+03  2.11924056e+03  1.58593770e+03  1.42257713e+03  1.90094677e+03  2.36260195e+03  2.36260195e+03  1.52949956e+03  9.90166330e+02  7.40992854e+02
-8.57142857e+00  2.27852496e+03  4.06857251e+03  4.70315322e+03  5.84533934e+03  5.63732355e+03  4.06857251e+03  3.15707350e+03  2.63390956e+03  2.36260195e+03  2.44978135e+03  2.44978135e+03  2.11924056e+03  1.70513849e+03  1.47506986e+03  1.64445839e+03  2.44978135e+03  3.27356870e+03  2.36260195e+03  1.42257713e+03  9.20946965e+02
-8.28571429e+00  1.70513849e+03  3.15707350e+03  4.53578396e+03  6.06103086e+03  6.06103086e+03  5.24323626e+03  3.51961365e+03  2.63390956e+03  2.36260195e+03  2.54017766e+03  2.54017766e+03  2.27852496e+03  1.76805766e+03  1.58593770e+03  1.64445839e+03  2.44978135e+03  3.78415160e+03  3.64948648e+03  2.27852496e+03  1.32312931e+03
-8.00000000e+00  1.27604363e+03  2.36260195e+03  4.21870179e+03  4.87669836e+03  6.51658446e+03  6.28468134e+03  5.43671033e+03  3.39436254e+03  2.54017766e+03  2.36260195e+03  2.27852496e+03  2.11924056e+03  2.04382398e+03  1.70513849e+03  1.70513849e+03  2.36260195e+03  4.06857251e+03  5.84533934e+03  4.53578396e+03  2.44978135e+03