   0.0000000000000000        4.0999999999999996        4.1315789473684204        4.1631578947368419        4.1947368421052627        4.2263157894736842        4.2578947368421050        4.2894736842105265        4.3210526315789473        4.3526315789473680        4.3842105263157896        4.4157894736842103        4.4473684210526319        4.4789473684210526        4.5105263157894733        4.5421052631578949        4.5736842105263156        4.6052631578947372        4.6368421052631579        4.6684210526315795        4.7000000000000002     
  -22.000000000000000        587.33159158932881        748.32300021927506        902.28216987710198        847.83450036400416        186.15914211440017        137.07779296716180        268.85511430841098        338.46035147571337        395.62963589142254        378.75401984490588        471.68135281257452        1015.0544497945251        1176.3094905325465        1062.9682820503599        229.11333129697994        54.214799527546496        21.933159703151535        9.7112437073880002        1.2918646594240395       0.10405670717581496     
  -21.714285714285715        580.86408825614649        748.82086430720312        905.64727329174787        942.48097467390744        276.70574542758266        133.46246544765697        263.02311509879183        341.49580326392027        403.65791658784804        415.25033578113874        447.38639436338076        946.85596107290542        1175.0283845450726        1131.9254076008563        358.25760929080252        63.565362066447278        29.660736395132144        11.921824066012707        2.2161001557571023       0.19052269907993233     
  -21.428571428571427        568.81079299861256        748.85076093031330        907.91541122194781        1000.8283366183587        413.83518978887946        138.00692318728403        251.22021678589073        344.17430529591093        411.79775430104189        448.07603530845478        440.47495564486258        859.40012358602633        1169.8729179839006        1171.4463717088433        531.37584773215519        78.678932191147325        39.239122069415316        14.253571118403531        3.7225553604543546       0.33924306540883903     
  -21.142857142857142        547.13879982470644        748.13908965418057        909.77487410491028        1034.2313018300044        591.54706900967494        153.74403978669210        234.87371297577670        346.81882264605377        419.94555117707222        473.02447819840921        447.98974930252342        767.52373686920828        1158.9411924316732        1193.0335390593314        724.11502205260172        105.32628805043019        49.311079175556443        17.237072312650259        5.9533506632015429       0.58798241653098504     
  -20.857142857142858        511.10784791969519        746.20606028709005        911.48299825458287        1052.6788513271838        780.95555575272715        187.08498707100134        218.26690129832681        348.93802734151359        427.16926774936445        490.43150528248998        468.81059816505183        689.68756900559799        1138.6966895798323        1204.2805572238617        898.75788289081720        152.49263912864106        58.825978148544216        21.679667203821239        8.8345806199657790        1.0031628064363012     
  -20.571428571428573        457.74326663657865        742.13249099133998        912.98961564808087        1062.8857638630884        945.17017346144587        248.80300478603033        206.32829585398952        348.85052720602334        432.82051436123697        503.02404510838142        500.83379150258764        636.06070888033184        1104.2325718944824        1209.4008995232107        1029.7786398087337        232.31156119502216        68.242271698332971        28.496295699274903        12.052397553839089        1.7067425362075859     
  -20.285714285714285        391.53413987762224        734.18543690312310        914.06790693984510        1068.8718218208821        1063.9782713830396        352.67352145158122        202.54423632062347        344.19585288867103        437.08555952525921        513.64298359921122        538.33782074634894        606.55540600813970        1051.4755234160664        1210.2980013937572        1114.8360864499480        355.95233689205162        79.813791748111868        38.205964996560915        15.352276324307697        2.8989017831425286     
  -20.000000000000000        325.97994321610645        719.30144232149644        914.41839134314853        1072.9269924829844        1139.2247536037164        508.00116986379300        209.65884266416816        333.58766713013841        440.61199481402855        523.96947209298469        573.48486886836042        597.02432662889839        982.11351630978049        1207.2720413395932        1165.0343810496229        522.84056345099179        97.651943171938925        50.217759492735794        18.901349241826320        4.8408420972247921     
  -19.714285714285715        275.58887496166398        692.69777244046929        913.63282958426566        1076.2297729501997        1183.0891255692613        705.61374900487351        232.14013366701366        318.45446262901925        443.78728308160970        534.03895779206118        601.19518197012871        604.19413153149958        907.25164448476426        1199.2471296116560        1193.0255586222686        710.28305504708953        128.31093907318805        62.896568596418831        23.385031136873707        7.7425063187957939     
  -19.428571428571427        245.00074012279032        649.01924754232220        911.02658685309791        1079.2136568717028        1207.7010787672029        911.74035868003125        278.42002172095221        303.38620801873998        446.05529248094524        542.83004588712106        621.26915233214777        626.09706348211171        842.50862419542625        1183.7942495892266        1208.0322533304250        881.68411336052327        181.53133495762498        75.037979964289832        29.874618715279741        11.563012392303179     
  -19.142857142857142        229.47554586676773        585.82858413454824        905.29902257099491        1081.7836144235876        1221.6486224922105        1086.8287371019501        361.52811441465616        294.09928994024563        445.67734169190425        549.61055375444300        636.39443953331602        659.38648647623825        797.95100193813732        1157.6142025909355        1215.5475199048524        1011.2998075886647        269.36564801531244        87.374638348218298        39.445583965648090        15.971679809056260     
  -18.857142857142858        222.32822814167199        510.15103031384757        894.04988201202525        1083.5934294752867        1230.2412401463591        1211.5313087905374        495.35820139525111        295.42641006350590        440.59680385776272        554.59185520895039        649.47164638449567        697.23011642462927        775.08462521810020        1118.5650816134698        1218.3913516739997        1095.9923334140467        400.41429187015393        102.94371255549089        52.387794813050320        20.727463552421046     
  -18.571428571428573        219.10763122946395        438.42924607958332        873.20964222287807        1084.1778402110433        1236.4581352780815        1289.8188274015531        682.97927982290730        312.16823345038716        430.30680117790507        558.43299674693685        661.95897258135585        731.77236959253150        771.44763050914173        1069.3641171078307        1217.6354204984332        1146.3075700392260        568.31294051583927        127.13387667470754        67.504056339272054        26.167410213227274     
  -18.285714285714285        217.62103460122202        385.60588137194367        837.00734570575310        1082.9031174057964        1241.7350209237497        1335.4916425041656        902.47810457014771        351.80703662866375        417.47963225182338        561.35726736370430        673.46069204613741        758.90037957990376        784.59824501850073        1019.2543101597523        1213.1145265247656        1174.6984173527994        745.55639489036548        168.13773256559489        82.834346903128576        33.312782142014250     
  -18.000000000000000        216.91193883956080        354.40473971304868        780.71017717913128        1078.6858641042879        1246.4319446265526        1361.6075203821269        1111.4048099832276        426.39659874045748        407.74228539019759        562.56807380195187        682.79352524959734        779.29359592633716        811.84798383550753        979.25813218765654        1203.7919584330612        1190.4328314481752        898.07111175558396        236.87969433442080        97.735160231630587        43.509532806747309     
  -17.714285714285715        216.57213673596627        338.54556387270111        706.04013409114589        1069.4979396038598        1250.2499371596425        1377.2656073252574        1274.8712059635218        550.56828692151953        407.60646577145667        560.54536157030884        689.45945848222470        795.82117659080063        847.77767907966734        955.65662437686478        1188.5172648311504        1199.2582917219074        1007.9274021767899        343.69791372414221        114.24136297147999        57.580845229103176     
  -17.428571428571431        216.42600373884278        331.01329091680901        626.41469575078111        1051.7580710079253        1252.6465999753257        1387.9976448112611        1384.5103512233172        731.64789785974688        423.54109737700651        554.46649328826663        693.90493771618787        810.76859540168732        884.39230002153579        949.41731428686603        1167.6618485089375        1204.5065794649481        1077.5521976370799        489.21057193684351        137.16653082648506        74.791190657682762     
  -17.142857142857142        216.40301810407956        327.45925369452829        560.16221819266661        1020.1857023435750        1252.9360398802819        1396.6690378580017        1451.1672179017094        954.03619302852564        463.78380797833779        546.00705508926296        696.72926154888137        824.43789619620134        915.48433121809308        959.43988445405580        1144.8115717903036        1208.1348000876285        1118.5798181391729        654.76009199259420        174.09456769417966        93.008990697720378     
  -16.857142857142858        216.48966033257852        325.75439397583762        516.74568009601307        969.41915972698234        1250.1056964200122        1404.3161843747573        1490.1641205098322        1176.9858359972009        540.49237455664945        540.09998021926651        697.95068409523344        835.63781032652287        939.74906743142878        983.71194775394383        1125.9806532353771        1211.4126689800598        1142.4044976210857        808.30467579069409        235.14188385841666        110.84161197200093     
  -16.571428571428569        216.71316654166353        324.94032358337768        492.95731488134447        899.85243657697686        1242.3261772957933        1410.7999391513936        1513.8478742450282        1359.7132009080674        668.02046402321764        543.83619959872783        697.04370299114385        843.40170923909272        959.29767729410298        1017.6460635136854        1116.3181391162454        1215.3065514157424        1157.2223442747231        926.04071688326428        330.15779151731283        129.73016920743899     
  -16.285714285714285        217.13354392637333        324.59683034673247        481.12983499944329        822.54185292495231        1226.3886837236735        1415.5305801933960        1530.0849021018792        1486.7617047490130        852.83661638833655        565.28517477473065        693.94534127011025        847.89558850545177        976.43418854744743        1053.8114134507671        1118.3815056337983        1220.5881674334239        1168.5398520026265        1004.1876707027964        460.75808597675660        154.37302980881830     
  -16.000000000000000        217.82231058859281        324.55619502068720        475.42026062379017        755.65393585953336        1197.5841009983696        1417.7705111674279        1543.1235787827238        1566.1607879146554        1077.8997027292969        614.41179891635375        690.57576616446283        849.95432190268684        991.58550624547661        1085.7693249795987        1132.9672568660117        1227.7964150193770        1180.4426252507894        1051.9752451175907        611.30133529241505        192.38253261888539     
  -15.714285714285715        218.80606816872958        324.78998965665687        472.66998231695510        710.19150987896103        1151.6411581748794        1416.5636589591231        1554.5701508137081        1613.9127370512924        1301.5506993975296        704.34353533762317        691.82520110383268        850.41726399878337        1003.4975667283683        1111.5833418254572        1159.2253935242247        1237.4000552939165        1196.5160139929822        1081.1274045285586        752.99991105459458        253.43698844322407     
  -15.428571428571429        219.98334531602967        325.37007723199218        471.39199998955729        684.58828848920962        1089.8664416241402        1410.2880384924156        1564.3956730071077        1644.0583643408302        1483.6495641216711        847.95519700611908        705.21104148315874        850.06783724835248        1011.0645856836314        1132.8034792506237        1193.1861371873188        1250.3169182971158        1219.8248232027413        1101.2179487476938        863.27267349550800        345.77372198833825     
  -15.142857142857142        221.08728057613615        326.44957174122584        470.93598700767330        671.62118357562929        1023.5334035707290        1396.2086502488737        1572.0194385019254        1665.7552028646905        1610.1775649910282        1045.6109714805159        740.26216792637945        850.25856594008906        1014.5307589862479        1151.1815215291556        1228.2129012897356        1268.2764611769953        1251.4885979202807        1119.5316402151209        937.75162389350407        468.20560066391249     
  -14.857142857142858        221.81408332606233        328.21771607296267        471.07288277222648        665.32060380205178        968.50053972888611        1370.7768438702562        1576.7923728896039        1683.7941745576279        1690.1917094620262        1271.6995984513758        808.92102404235447        854.01131244112673        1015.3061194344539        1166.5850761744184        1259.0169010334444        1293.1583249216753        1288.9775202792150        1142.2747830822900        984.80715790147462        603.48664349391265     
  -14.571428571428571        222.16104794894019        330.79546721728843        471.82863685577064        662.35318198500022        932.62837632376284        1332.2083733003576        1578.0265406942847        1699.8026958952739        1740.3455513543081        1482.4216933180608        924.57551531806735        866.96516591396949        1015.4596949101560        1177.5522118247827        1284.4427315922528        1324.9485097754807        1327.3405936098741        1175.2332297495195        1015.9295848240184        725.71223133850935     
  -14.285714285714285        222.68047991511395        334.10446902138955        473.42707377529541        661.15663263333317        913.10681684004942        1284.6823451210892        1574.6618560664344        1713.6976677561088        1774.5844502059522        1645.4361046659342        1094.4268911754978        897.61434830506346        1017.4725240453134        1183.3459676767939        1305.8453858786786        1360.0902698654315        1363.4848259167227        1222.4853055980250        1041.3332128992988        818.18280107110820     
  -14.000000000000000        224.27659113719258        337.83484492727183        476.24400161009163        661.11770984267957        903.50047860761663        1239.7076320316860        1565.1442644830704        1725.0944626688563        1801.6518991408934        1756.1108348077432        1305.3636403163700        957.20457631476984        1024.4205352934719        1185.1072416788586        1323.9609220846792        1393.3572938258744        1398.2875692506905        1282.9429883209582        1069.8193681091252        880.64417539161809     
  -13.714285714285714        227.80624223330645        341.66799464889283        480.69039059508725        662.16361609997921        899.06386174640022        1207.4817313725241        1548.4109418512041        1733.8823700534210        1825.5716424442787        1827.8078925806838        1520.3701295450223        1058.6589865386297        1040.8215505928690        1185.7041017902545        1337.7811836728065        1421.8329307259826        1434.0893508051884        1348.6872253622557        1109.5961067129695        922.55377143473845     
  -13.428571428571429        233.87606133166466        345.67694299917349        487.00171138825380        664.61149504948310        897.36376272294217        1189.4159828205443        1526.4033086389306        1740.3483252096496        1847.2781427999073        1877.1128087257932        1700.8725852139812        1210.7990205886354        1073.7702707121468        1189.0633509039644        1346.1557502551486        1445.7740178933191        1470.8864460336151        1410.1004557940885        1167.4281754118999        955.42237445911735     
  -13.142857142857142        242.70667659149609        350.47099290841766        495.03584999167873        669.09820598972067        897.45285518297419        1180.9710516378354        1505.4316782503379        1745.0953556021389        1866.8237034235995        1916.0007773042319        1831.8191326145775        1406.0065984028317        1133.5304328400896        1199.4516513087583        1349.8850503352530        1466.0519965554536        1505.7739986737952        1463.0849065109496        1244.6011654390284        990.12430864503017     
  -12.857142857142858        254.05904933897722        356.98049102725264        504.29993874964373        676.43481128429028        899.26100257775818        1177.6272320707874        1492.0620314117737        1749.2539263433252        1884.6914909471516        1950.7668399900622        1921.8449697570604        1613.5738926061774        1232.2547043219902        1221.5480965890381        1352.3422466637073        1482.1692944547528        1536.1876983353607        1509.3444383293036        1332.8018287418172        1036.9292059216891     
  -12.571428571428571        267.71761105244155        366.16128437201627        514.33963180345086        687.29321343553590        903.35136896600034        1177.0078658932325        1487.2942706707595        1755.1408152175102        1902.5131756241333        1983.3495688479898        1987.5244869710596        1796.5536269589793        1378.1235697594309        1261.7373823735184        1358.7491654919445        1493.1982071275363        1562.0385489797582        1551.1987511446562        1417.8461486204615        1104.5262884075369     
  -12.285714285714286        283.86679315793236        378.70061944913482        525.19502452567679        701.79197846935290        910.82033869516476        1178.4259515227461        1487.6689560098191        1765.7388315772278        1923.2319376743433        2014.3025514591427        2042.6069570415116        1937.6012253176420        1564.2005096464416        1329.4377002736514        1374.8350422905810        1500.1697334781713        1584.2167685823979        1588.5636117618824        1490.1661650838380        1195.4968352402484     
  -12.000000000000000        302.41087725409773        394.85021153671437        537.60208117212755        719.27225227894894        923.08891730494906        1182.2731789727368        1490.0674932552765        1781.7101777162668        1950.6398678449693        2044.8914857070808        2094.4070657271200        2043.7340853654748        1763.3802841388294        1435.7975636843917        1406.2237752783665        1507.2241366570756        1602.7087278667466        1620.7294610210449        1549.0583582659594        1300.9436816708287     
  -11.714285714285714        321.87910853650033        414.85260773852701        552.84543568720301        738.64543370147555        941.40807749951182        1189.7869902336049        1493.5089543517902        1799.7108987256217        1988.0456066224194        2078.4605287050636        2144.8933529349433        2131.5870488566611        1944.8341049986145        1587.1020634924350        1459.6574759291748        1520.8921364235289        1617.3993715666093        1648.4740743507882        1597.7014734858840        1403.6851535902370     
  -11.428571428571429        340.19191284482378        439.12036926610006        572.34145636734661        759.25215839791599        966.12793796989979        1202.9515150189429        1498.6396884842638        1815.6616472696946        2035.0531800261986        2120.7086032292023        2194.6689070221864        2214.7258767878416        2097.3858603829881        1774.9936401204527        1544.6897757507882        1548.4408285264772        1630.4933069252641        1673.2352196516438        1638.4383065311251        1490.6664755811021     
  -11.142857142857142        356.09926766260349        467.09362664236437        597.33093789572388        781.69787752539833        996.20631754605972        1224.1575336295268        1507.1924155244624        1828.3190563986680        2085.1655037282949        2177.9298139664497        2245.9566392825573        2298.8312008883336        2232.2423107496629        1976.6742334297046        1672.0160712158204        1597.1622341125174        1647.6932105936992        1695.9510412499055        1673.0992501696471        1559.5273194939930     
  -10.857142857142858        369.48902193296476        496.82940082959232        629.11531179199073        808.11781320836360        1029.7581316485546        1255.3616304781501        1521.8920772928655        1839.3329559035537        2129.5003870341179        2252.8609922112878        2304.4575926196112        2383.4945199559161        2366.6925742817816        2174.0353194029785        1846.5038020406982        1675.9703740741006        1677.4200662818275        1718.3527235986148        1704.3504530688313        1614.0335781523324     
  -10.571428571428571        380.80803773520034        526.19149578503243        668.71590014533137        841.53897839750289        1065.7687427028936        1296.9098743045899        1546.3643006723939        1851.9451238002196        2163.4979202879840        2338.9748819080792        2378.9526714083390        2468.1854290923420        2510.7457293380576        2371.5975885205967        2061.6010371466887        1797.2896431357583        1729.4926829549299        1745.3265280038233        1735.1969995527609        1658.8316352951908     
  -10.285714285714286        390.50541470905171        554.06993683163853        715.57769840573451        885.55661844695169        1106.0704462525939        1347.0810984011221        1584.4926659121252        1870.4896812960858        2189.0233992290132        2421.9998518788589        2476.5262004389297        2556.2543352644338        2662.4060640062639        2588.7283958908142        2308.2834898929787        1975.0286955843103        1815.5782288537841        1785.8820494318645        1769.0404515583161        1698.8739147054134     
  -10.000000000000000        399.08826301052079        579.92282944926023        768.09287955825084        944.19556711667713        1155.7467613894510        1403.7887994971427        1639.0024669880988        1900.4926866500371        2211.6806115566096        2489.5866301382248        2594.8140238963238        2656.4514527768333        2814.9660328481182        2839.1665561640575        2595.1636837654278        2220.2186045896688        1952.3276590481300        1853.0045794417092        1811.8517274006633        1739.9954515139477     
  -9.7142857142857135        407.06235404926923        603.48354864519399        824.32468201826714        1020.4913793506038        1222.6564177334401        1468.4960068417506        1710.1316750604165        1948.4474505359005        2238.8726786952811        2540.2974328270211        2717.7043315368201        2779.6023867444169        2964.8740858692745        3118.0659434994959        2948.5594354149421        2545.2745029348366        2164.2304085383516        1964.5924091948195        1874.6509013880568        1789.1968965966846     
  -9.4285714285714288        415.05455063613283        624.65758498164837        881.73388129925274        1115.7780306526431        1317.0338693144190        1549.1714310979421        1796.7971327966952        2020.6081358569115        2279.5320800368258        2581.6412796469563        2825.6113030243091        2928.4322802019392        3117.3790042701598        3405.1508662214605        3387.9234357699020        2979.0426676976640        2484.3246349860206        2147.7752337526845        1975.6192733256682        1856.6196413349876     
  -9.1428571428571423        423.78104364273116        643.86656967690533        937.52861466971001        1228.5470721695208        1449.5862313557063        1661.2207005304485        1902.3579823464397        2121.3961483156304        2344.3966507937826        2625.4677571115471        2910.6411834028058        3089.2952908002894        3284.1666737047412        3681.9751284328217        3901.1007103307002        3569.0316875200274        2959.3788061763230        2446.3665462402255        2143.9425691562378        1959.3105482750379     
  -8.8571428571428577        434.10459992557946        661.88132122900822        989.18864222511797        1352.8346211125950        1628.9002044276338        1827.1569631015809        2041.3645919221572        2254.5030326007804        2445.5063493682678        2686.5125551012097        2980.5308390210334        3239.2331952231953        3473.1942962470202        3942.7111886455000        4442.6247549711325        4344.4155832335755        3660.5546389750057        2929.0494377142040        2428.0454647996967        2126.5941418647494     
  -8.5714285714285712        447.09912878916174        679.88949239336000        1035.8815054026829        1479.7131780642251        1855.6275459123694        2073.0756832839274        2243.9340845379543        2431.2489292507485        2595.3317815833902        2783.0127086214075        3053.0836340362935        3364.6877833297431        3675.8579687689680        4196.1035451889611        4963.4298706786039        5276.8531470160060        4675.3985737198764        3698.8470789015018        2909.7336826363671        2409.7375902176036     
  -8.2857142857142865        464.14707952591465        699.34547120993022        1078.0203988271435        1600.5135332192604        2118.0463752334299        2421.7744885649340        2556.5167654827969        2682.7081070778572        2809.4917304602245        2937.6202053892084        3152.4634895264139        3474.6705361059667        3870.2610764705937        4454.5401106672034        5433.8627428311929        6273.4604444936958        6044.9984783293157        4901.0623449528639        3722.3745332927601        2899.0165948572499     
  -8.0000000000000000        487.07763526820474        722.00513957321584        1117.3806650881138        1709.9356276932629        2393.4219517462125        2877.1981477671347        3034.0403098647989        3069.5291881400040        3120.4209977910723        3178.7931891017602        3310.6330507741891        3595.7455157082313        4044.5484627505198        4716.6076348005336        5853.2355613230720        7229.2642871451790        7702.2179379513464        6681.2369538539715        5065.5984954970882        3749.8166190715597     
