      0.00000      0.00000      0.00000      0.00000      0.00000      0.00000
      0.00000      0.00000      0.00000      0.00000      0.00000      0.00000
      0.00000      0.00000      0.00000      0.00000      0.00000      0.00000
      0.00000      0.00000      0.00000      0.00000      0.00000      0.00000
      0.00000      0.00000      0.00000      0.00000      0.00000      0.00000
      0.00000      0.00000      0.00000      0.00000      0.00000      0.00000
      0.00000      0.00000      0.00000      0.00000      0.00000      0.00000
      0.00000      0.00000      0.00000      0.00000      0.00000      0.00000
      0.00000      0.00000      0.00000      0.00000      0.00000      0.00000
      0.00000      0.00000      0.00000      0.00000      0.00000      0.00000
      0.00000      0.00000      0.00000      0.00000      0.00000      0.00000
      0.00000      0.00000      0.00000      0.00000      0.00000      0.00000
      0.00000      0.00000      0.00000      0.00000      0.00000      0.00000
      0.00000      0.00000      0.00000      0.00000      0.00000      0.00000
      0.00000      0.00000      0.00000      0.00000      0.00000      0.00000
      0.00000      0.00000      0.00000      0.00000      0.00000      0.00000
      0.00000      0.00000      0.00000      0.00000      0.00000      0.00000
      0.00000      0.00000      0.00000      0.00000      0.00000      0.00000
      0.00000      0.00000      0.00000      0.00000      0.00000      0.00000
      0.00000      0.00000      0.00000      0.00000      0.00000      0.00000
      0.00000   0.00392157    0.0117647    0.0196078    0.0274510    0.0352941
    0.0431373    0.0509804    0.0588235    0.0666667    0.0705882    0.0784314
    0.0862745    0.0941176     0.101961     0.109804     0.117647     0.125490
     0.133333     0.137255     0.145098     0.152941     0.160784     0.168627
     0.176471     0.184314     0.192157     0.200000     0.203922     0.211765
     0.219608     0.227451     0.235294     0.243137     0.250980     0.258824
     0.266667     0.270588     0.278431     0.286275     0.294118     0.301961
     0.309804     0.317647     0.325490     0.333333     0.337255     0.345098
     0.352941     0.360784     0.368627     0.376471     0.384314     0.392157
     0.400000     0.403922     0.411765     0.419608     0.427451     0.435294
     0.443137     0.450980     0.458824     0.466667     0.470588     0.478431
     0.486275     0.494118     0.501961     0.509804     0.517647     0.525490
     0.533333     0.537255     0.545098     0.552941     0.560784     0.568627
     0.576471     0.584314     0.592157     0.600000     0.603922     0.611765
     0.619608     0.627451     0.635294     0.643137     0.650980     0.658824
     0.666667     0.670588     0.678431     0.686275     0.694118     0.701961
     0.709804     0.717647     0.725490     0.733333     0.737255     0.745098
     0.752941     0.760784     0.768627     0.776471     0.784314     0.792157
     0.800000     0.803922     0.811765     0.819608     0.827451     0.835294
     0.843137     0.850980     0.858824     0.866667     0.870588     0.878431
     0.886275     0.894118     0.901961     0.909804     0.917647     0.925490
     0.933333     0.937255     0.945098     0.952941     0.960784     0.968627
     0.976471     0.984314     0.992157      1.00000
      0.00000   0.00392157   0.00784314    0.0156863    0.0196078    0.0274510
    0.0313726    0.0392157    0.0431373    0.0509804    0.0549020    0.0588235
    0.0666667    0.0705882    0.0784314    0.0823529    0.0901961    0.0941176
     0.101961     0.105882     0.109804     0.117647     0.121569     0.129412
     0.133333     0.141176     0.145098     0.152941     0.156863     0.164706
     0.168627     0.172549     0.180392     0.184314     0.192157     0.196078
     0.203922     0.207843     0.215686     0.219608     0.223529     0.231373
     0.235294     0.243137     0.247059     0.254902     0.258824     0.266667
     0.270588     0.274510     0.282353     0.286275     0.294118     0.298039
     0.305882     0.309804     0.317647     0.321569     0.329412     0.333333
     0.337255     0.345098     0.349020     0.356863     0.360784     0.368627
     0.372549     0.380392     0.384314     0.388235     0.396078     0.400000
     0.407843     0.411765     0.419608     0.423529     0.431373     0.435294
     0.443137     0.447059     0.450980     0.458824     0.462745     0.470588
     0.474510     0.482353     0.486275     0.494118     0.498039     0.501961
     0.509804     0.513726     0.521569     0.525490     0.533333     0.537255
     0.545098     0.549020     0.552941     0.560784     0.564706     0.572549
     0.576471     0.584314     0.588235     0.596078     0.600000     0.607843
     0.611765     0.615686     0.623529     0.627451     0.635294     0.639216
     0.647059     0.650980     0.658824     0.662745     0.666667     0.674510
     0.678431     0.686275     0.690196     0.698039     0.701961     0.709804
     0.713726     0.721569     0.725490     0.729412     0.737255     0.741176
     0.749020     0.752941     0.760784     0.764706     0.772549     0.776471
     0.780392     0.788235     0.792157     0.800000     0.803922     0.811765
     0.815686     0.823529     0.827451     0.831373     0.839216     0.843137
     0.850980     0.854902     0.862745     0.866667     0.874510     0.878431
     0.886275     0.890196     0.894118     0.901961     0.905882     0.913725
     0.917647     0.925490     0.929412     0.937255     0.941176     0.945098
     0.952941     0.956863     0.964706     0.968627     0.976471     0.980392
     0.988235     0.992157      1.00000      1.00000      1.00000      1.00000
      1.00000      1.00000      1.00000      1.00000      1.00000      1.00000
      1.00000      1.00000      1.00000      1.00000      1.00000      1.00000
      1.00000      1.00000      1.00000      1.00000      1.00000      1.00000
      1.00000      1.00000      1.00000      1.00000      1.00000      1.00000
      1.00000      1.00000      1.00000      1.00000      1.00000      1.00000
      1.00000      1.00000      1.00000      1.00000      1.00000      1.00000
      1.00000      1.00000      1.00000      1.00000      1.00000      1.00000
      1.00000      1.00000      1.00000      1.00000      1.00000      1.00000
      1.00000      1.00000      1.00000      1.00000      1.00000      1.00000
      1.00000      1.00000      1.00000      1.00000      1.00000      1.00000
      1.00000      1.00000      1.00000      1.00000      1.00000      1.00000
      1.00000      1.00000      1.00000      1.00000      1.00000      1.00000
      1.00000      1.00000      1.00000      1.00000
      0.00000   0.00392157   0.00784314    0.0156863    0.0196078    0.0274510
    0.0313726    0.0392157    0.0431373    0.0509804    0.0549020    0.0588235
    0.0666667    0.0705882    0.0784314    0.0823529    0.0901961    0.0941176
     0.101961     0.105882     0.109804     0.117647     0.121569     0.129412
     0.133333     0.141176     0.145098     0.152941     0.156863     0.164706
     0.168627     0.172549     0.180392     0.184314     0.192157     0.196078
     0.203922     0.207843     0.215686     0.219608     0.223529     0.231373
     0.235294     0.243137     0.247059     0.254902     0.258824     0.266667
     0.270588     0.274510     0.282353     0.286275     0.294118     0.298039
     0.305882     0.309804     0.317647     0.321569     0.329412     0.333333
     0.337255     0.345098     0.349020     0.356863     0.360784     0.368627
     0.372549     0.380392     0.384314     0.388235     0.396078     0.400000
     0.407843     0.411765     0.419608     0.423529     0.431373     0.435294
     0.443137     0.447059     0.450980     0.458824     0.462745     0.470588
     0.474510     0.482353     0.486275     0.494118     0.498039     0.501961
     0.509804     0.513726     0.521569     0.525490     0.533333     0.537255
     0.545098     0.549020     0.552941     0.560784     0.564706     0.572549
     0.576471     0.584314     0.588235     0.596078     0.600000     0.607843
     0.611765     0.615686     0.623529     0.627451     0.635294     0.639216
     0.647059     0.650980     0.658824     0.662745     0.666667     0.674510
     0.678431     0.686275     0.690196     0.698039     0.701961     0.709804
     0.713726     0.721569     0.725490     0.729412     0.737255     0.741176
     0.749020     0.752941     0.760784     0.764706     0.772549     0.776471
     0.780392     0.788235     0.792157     0.800000     0.803922     0.811765
     0.815686     0.823529     0.827451     0.831373     0.839216     0.843137
     0.850980     0.854902     0.862745     0.866667     0.874510     0.878431
     0.886275     0.890196     0.894118     0.901961     0.905882     0.913725
     0.917647     0.925490     0.929412     0.937255     0.941176     0.945098
     0.952941     0.956863     0.964706     0.968627     0.976471     0.980392
     0.988235     0.992157      1.00000      1.00000      1.00000      1.00000
      1.00000      1.00000      1.00000      1.00000      1.00000      1.00000
      1.00000      1.00000      1.00000      1.00000      1.00000      1.00000
      1.00000      1.00000      1.00000      1.00000      1.00000      1.00000
      1.00000      1.00000      1.00000      1.00000      1.00000      1.00000
      1.00000      1.00000      1.00000      1.00000      1.00000      1.00000
      1.00000      1.00000      1.00000      1.00000      1.00000      1.00000
      1.00000      1.00000      1.00000      1.00000      1.00000      1.00000
      1.00000      1.00000      1.00000      1.00000      1.00000      1.00000
      1.00000      1.00000      1.00000      1.00000      1.00000      1.00000
      1.00000      1.00000      1.00000      1.00000      1.00000      1.00000
      1.00000      1.00000      1.00000      1.00000      1.00000      1.00000
      1.00000      1.00000      1.00000      1.00000      1.00000      1.00000
      1.00000      1.00000      1.00000      1.00000
