 0.00000000e+00  4.00000000e+00  4.05263158e+00  4.10526316e+00  4.15789474e+00  4.21052632e+00  4.26315789e+00  4.31578947e+00  4.36842105e+00  4.42105263e+00  4.47368421e+00  4.52631579e+00  4.57894737e+00  4.63157895e+00  4.68421053e+00  4.73684211e+00  4.78947368e+00  4.84210526e+00  4.89473684e+00  4.94736842e+00  5.00000000e+00
-1.60000000e+01  5.05045455e-01  5.05045455e-01  5.85852727e-01  6.76760909e-01  6.96962727e-01  6.76760909e-01  7.07063636e-01  7.37366364e-01  7.47467273e-01  7.77770000e-01  7.77770000e-01  8.08072727e-01  7.97971818e-01  8.38375455e-01  8.98980909e-01  9.59586364e-01  9.89889091e-01  9.79788182e-01  8.48476364e-01  1.41412727e-01
-1.55263158e+01  5.15146364e-01  4.94944545e-01  5.55550000e-01  6.46458182e-01  6.96962727e-01  6.66660000e-01  6.86861818e-01  7.17164545e-01  7.37366364e-01  7.67669091e-01  7.67669091e-01  7.97971818e-01  7.87870909e-01  8.18173636e-01  8.78779091e-01  9.39384545e-01  9.89889091e-01  9.89889091e-01  8.48476364e-01  2.52522727e-01
-1.50526316e+01  5.15146364e-01  4.84843636e-01  5.25247273e-01  6.16155455e-01  6.76760909e-01  6.66660000e-01  6.66660000e-01  7.07063636e-01  7.17164545e-01  7.47467273e-01  7.57568182e-01  7.77770000e-01  7.87870909e-01  7.97971818e-01  8.58577273e-01  9.09081818e-01  9.69687273e-01  9.89889091e-01  9.49485455e-01  5.05045455e-01
-1.45789474e+01  5.05045455e-01  4.94944545e-01  5.05045455e-01  5.75751818e-01  6.56559091e-01  6.66660000e-01  6.56559091e-01  6.86861818e-01  7.07063636e-01  7.27265455e-01  7.47467273e-01  7.57568182e-01  7.77770000e-01  7.77770000e-01  8.38375455e-01  8.88880000e-01  9.49485455e-01  9.89889091e-01  9.79788182e-01  8.48476364e-01
-1.41052632e+01  5.05045455e-01  4.94944545e-01  4.94944545e-01  5.55550000e-01  6.26256364e-01  6.56559091e-01  6.46458182e-01  6.66660000e-01  6.96962727e-01  7.07063636e-01  7.37366364e-01  7.37366364e-01  7.67669091e-01  7.67669091e-01  8.08072727e-01  8.58577273e-01  9.19182727e-01  9.69687273e-01  9.89889091e-01  9.09081818e-01
-1.36315789e+01  4.84843636e-01  5.05045455e-01  4.94944545e-01  5.25247273e-01  5.95953636e-01  6.46458182e-01  6.36357273e-01  6.46458182e-01  6.76760909e-01  6.96962727e-01  7.17164545e-01  7.27265455e-01  7.47467273e-01  7.57568182e-01  7.77770000e-01  8.28274545e-01  8.78779091e-01  9.39384545e-01  9.89889091e-01  9.59586364e-01
-1.31578947e+01  4.74742727e-01  4.94944545e-01  4.94944545e-01  5.15146364e-01  5.65650909e-01  6.26256364e-01  6.36357273e-01  6.36357273e-01  6.56559091e-01  6.76760909e-01  7.07063636e-01  7.17164545e-01  7.27265455e-01  7.37366364e-01  7.57568182e-01  8.08072727e-01  8.48476364e-01  9.09081818e-01  9.59586364e-01  9.79788182e-01
-1.26842105e+01  4.64641818e-01  4.84843636e-01  4.94944545e-01  5.05045455e-01  5.45449091e-01  6.06054545e-01  6.26256364e-01  6.26256364e-01  6.36357273e-01  6.66660000e-01  6.86861818e-01  6.96962727e-01  7.07063636e-01  7.27265455e-01  7.37366364e-01  7.77770000e-01  8.18173636e-01  8.68678182e-01  9.09081818e-01  9.89889091e-01
-1.22105263e+01  4.54540909e-01  4.74742727e-01  4.94944545e-01  5.05045455e-01  5.25247273e-01  5.75751818e-01  6.16155455e-01  6.16155455e-01  6.26256364e-01  6.46458182e-01  6.66660000e-01  6.86861818e-01  6.86861818e-01  7.07063636e-01  7.17164545e-01  7.47467273e-01  7.87870909e-01  8.28274545e-01  8.58577273e-01  8.98980909e-01
-1.17368421e+01  4.44440000e-01  4.64641818e-01  4.94944545e-01  5.05045455e-01  5.15146364e-01  5.55550000e-01  6.06054545e-01  6.16155455e-01  6.16155455e-01  6.26256364e-01  6.46458182e-01  6.66660000e-01  6.76760909e-01  6.86861818e-01  6.96962727e-01  7.17164545e-01  7.57568182e-01  7.87870909e-01  8.18173636e-01  8.48476364e-01
-1.12631579e+01  4.44440000e-01  4.54540909e-01  4.74742727e-01  5.05045455e-01  5.15146364e-01  5.35348182e-01  5.85852727e-01  6.06054545e-01  6.06054545e-01  6.16155455e-01  6.26256364e-01  6.46458182e-01  6.56559091e-01  6.66660000e-01  6.86861818e-01  6.96962727e-01  7.27265455e-01  7.57568182e-01  7.87870909e-01  7.97971818e-01
-1.07894737e+01  4.44440000e-01  4.44440000e-01  4.64641818e-01  4.94944545e-01  5.15146364e-01  5.25247273e-01  5.55550000e-01  5.95953636e-01  5.95953636e-01  6.06054545e-01  6.16155455e-01  6.26256364e-01  6.46458182e-01  6.46458182e-01  6.56559091e-01  6.76760909e-01  6.96962727e-01  7.27265455e-01  7.47467273e-01  7.57568182e-01
-1.03157895e+01  4.54540909e-01  4.44440000e-01  4.54540909e-01  4.84843636e-01  5.15146364e-01  5.25247273e-01  5.45449091e-01  5.75751818e-01  5.95953636e-01  5.95953636e-01  5.95953636e-01  6.16155455e-01  6.26256364e-01  6.36357273e-01  6.36357273e-01  6.56559091e-01  6.66660000e-01  6.96962727e-01  7.17164545e-01  7.27265455e-01
-9.84210526e+00  4.74742727e-01  4.44440000e-01  4.54540909e-01  4.74742727e-01  5.05045455e-01  5.25247273e-01  5.35348182e-01  5.55550000e-01  5.85852727e-01  5.85852727e-01  5.85852727e-01  5.95953636e-01  6.06054545e-01  6.16155455e-01  6.16155455e-01  6.36357273e-01  6.46458182e-01  6.66660000e-01  6.86861818e-01  7.07063636e-01
-9.36842105e+00  5.15146364e-01  4.54540909e-01  4.44440000e-01  4.64641818e-01  4.94944545e-01  5.15146364e-01  5.25247273e-01  5.45449091e-01  5.65650909e-01  5.75751818e-01  5.75751818e-01  5.75751818e-01  5.85852727e-01  5.95953636e-01  6.06054545e-01  6.06054545e-01  6.26256364e-01  6.36357273e-01  6.66660000e-01  6.76760909e-01
-8.89473684e+00  5.45449091e-01  4.74742727e-01  4.44440000e-01  4.54540909e-01  4.74742727e-01  5.05045455e-01  5.25247273e-01  5.35348182e-01  5.45449091e-01  5.65650909e-01  5.65650909e-01  5.65650909e-01  5.75751818e-01  5.85852727e-01  5.85852727e-01  5.85852727e-01  6.06054545e-01  6.16155455e-01  6.36357273e-01  6.46458182e-01
-8.42105263e+00  5.75751818e-01  4.94944545e-01  4.54540909e-01  4.44440000e-01  4.64641818e-01  4.94944545e-01  5.15146364e-01  5.25247273e-01  5.35348182e-01  5.55550000e-01  5.55550000e-01  5.45449091e-01  5.55550000e-01  5.65650909e-01  5.75751818e-01  5.75751818e-01  5.75751818e-01  5.95953636e-01  6.06054545e-01  6.26256364e-01
-7.94736842e+00  5.95953636e-01  5.35348182e-01  4.74742727e-01  4.44440000e-01  4.54540909e-01  4.74742727e-01  5.05045455e-01  5.25247273e-01  5.25247273e-01  5.35348182e-01  5.45449091e-01  5.25247273e-01  5.25247273e-01  5.35348182e-01  5.55550000e-01  5.55550000e-01  5.65650909e-01  5.75751818e-01  5.85852727e-01  6.06054545e-01
-7.47368421e+00  5.95953636e-01  5.55550000e-01  4.94944545e-01  4.54540909e-01  4.44440000e-01  4.54540909e-01  4.84843636e-01  5.15146364e-01  5.25247273e-01  5.25247273e-01  5.25247273e-01  5.15146364e-01  5.05045455e-01  5.15146364e-01  5.25247273e-01  5.45449091e-01  5.45449091e-01  5.55550000e-01  5.65650909e-01  5.85852727e-01
-7.00000000e+00  5.85852727e-01  5.75751818e-01  5.25247273e-01  4.64641818e-01  4.44440000e-01  4.44440000e-01  4.64641818e-01  4.94944545e-01  5.15146364e-01  5.15146364e-01  5.15146364e-01  5.05045455e-01  4.84843636e-01  4.84843636e-01  5.05045455e-01  5.15146364e-01  5.35348182e-01  5.35348182e-01  5.45449091e-01  5.65650909e-01