 0.00000000e+00  4.00000000e+00  4.05263158e+00  4.10526316e+00  4.15789474e+00  4.21052632e+00  4.26315789e+00  4.31578947e+00  4.36842105e+00  4.42105263e+00  4.47368421e+00  4.52631579e+00  4.57894737e+00  4.63157895e+00  4.68421053e+00  4.73684211e+00  4.78947368e+00  4.84210526e+00  4.89473684e+00  4.94736842e+00  5.00000000e+00
-1.60000000e+01  1.98568666e-01  1.23309680e-01  7.76066524e-01  1.14144436e+00  1.34249197e+00  8.36072439e-01  5.55050774e-01  2.91599603e-01  2.34287402e-01  7.52935042e-02  1.58262643e-01  2.59196078e-02  8.65561243e-02  1.20221042e-02  7.45728065e-02  5.20712476e-02  4.14218108e-02  1.67311987e+01  3.09001881e+01  2.12635019e+01
-1.55263158e+01  2.56361220e-01  7.97218908e-02  5.60159794e-01  9.86832403e-01  1.43666227e+00  7.81739838e-01  5.90964678e-01  3.35354416e-01  2.57287998e-01  9.31016449e-02  1.41746433e-01  4.25032384e-02  8.06607547e-02  4.38937755e-02  6.36368525e-02  8.58701757e-02  2.73534182e-02  4.61117196e-01  3.40125962e+01  1.87563554e+01
-1.50526316e+01  3.52018521e-01  1.52503516e-01  3.16929596e-01  8.20440603e-01  1.39198396e+00  8.01688574e-01  5.92004166e-01  3.73324221e-01  2.63471557e-01  1.43768643e-01  1.26588605e-01  8.38040945e-02  5.60474371e-02  9.59073878e-02  5.00546502e-02  1.03493788e-01  3.32760921e-02  1.25246269e-01  2.79975760e+01  1.64774728e+01
-1.45789474e+01  4.54591526e-01  1.53073312e-01  1.48644232e-01  6.27230741e-01  1.23293741e+00  9.15137230e-01  5.41956836e-01  3.84962609e-01  2.61506766e-01  2.04603758e-01  1.08995351e-01  1.23679626e-01  3.50046213e-02  1.16861259e-01  2.46253175e-02  9.64404193e-02  6.07583644e-02  3.14919505e-02  1.84107115e+01  1.62714576e+01
-1.41052632e+01  5.08599807e-01  1.28176973e-01  9.68163150e-02  4.07968560e-01  1.01447890e+00  1.06060608e+00  4.84247742e-01  3.76174844e-01  2.70528148e-01  2.33951651e-01  1.06071555e-01  1.43431417e-01  3.82588863e-02  1.12921398e-01  2.94269697e-02  8.30222471e-02  1.00878102e-01  2.56065054e-02  7.15652344e-01  1.56167154e+01
-1.36315789e+01  4.93065553e-01  1.53278125e-01  1.53613309e-01  2.15397730e-01  7.52131618e-01  1.11630914e+00  4.74046979e-01  3.53154151e-01  2.72054240e-01  2.35308388e-01  1.34543877e-01  1.45512811e-01  5.56592679e-02  8.55435030e-02  8.71217169e-02  6.96973762e-02  1.26779200e-01  4.96539928e-02  1.58603452e-01  1.55779171e+01
-1.31578947e+01  4.27621375e-01  2.15853258e-01  1.86440733e-01  1.15295898e-01  4.84255829e-01  1.02380945e+00  5.47417459e-01  3.08982718e-01  2.54772964e-01  2.24405598e-01  1.77211025e-01  1.33253568e-01  8.92966557e-02  5.24469079e-02  1.32078192e-01  4.70457049e-02  1.29605616e-01  9.87504199e-02  3.51099165e-02  1.11759037e+01
-1.26842105e+01  3.47863008e-01  2.74657326e-01  1.40976503e-01  1.28684990e-01  2.55157327e-01  8.12315322e-01  6.75655443e-01  2.67040509e-01  2.24879134e-01  2.09028576e-01  1.94736649e-01  1.19966622e-01  1.22640022e-01  4.12762236e-02  1.29302188e-01  4.02971137e-02  1.20242564e-01  1.49783594e-01  5.09507144e-02  9.02893045e-01
-1.22105263e+01  2.85498796e-01  2.90590464e-01  1.14681371e-01  1.96852284e-01  1.28436512e-01  5.50624192e-01  7.42438658e-01  2.62266329e-01  1.86614578e-01  1.82548106e-01  1.84865323e-01  1.25611653e-01  1.39519326e-01  4.99708908e-02  9.51564217e-02  8.70571280e-02  9.96944338e-02  1.77180838e-01  1.06535719e-01  8.33996453e-02
-1.17368421e+01  2.66906478e-01  2.77947683e-01  1.48483865e-01  2.23163066e-01  1.17666454e-01  2.96804087e-01  6.72065260e-01  3.15397562e-01  1.54260844e-01  1.47090064e-01  1.61627805e-01  1.43762593e-01  1.23360760e-01  7.10385620e-02  5.47630842e-02  1.27342592e-01  7.23577762e-02  1.73758760e-01  1.72394317e-01  6.55567823e-02
-1.12631579e+01  3.10386350e-01  2.67048699e-01  1.93976522e-01  1.75226914e-01  1.75969146e-01  1.40408271e-01  4.99186442e-01  3.96124407e-01  1.34522229e-01  1.08228464e-01  1.32968513e-01  1.39530788e-01  1.03861596e-01  9.53646973e-02  3.76600934e-02  1.17636635e-01  6.38267655e-02  1.47659206e-01  2.12216914e-01  1.21842548e-01
-1.07894737e+01  4.07087312e-01  2.84996655e-01  2.24965972e-01  1.44271817e-01  2.33142068e-01  1.04941584e-01  2.95388733e-01  4.21366213e-01  1.44028240e-01  8.51422967e-02  9.16985164e-02  1.14956616e-01  9.78176432e-02  1.01333045e-01  3.97669387e-02  7.21934622e-02  9.37200478e-02  1.09146526e-01  2.09419120e-01  1.81713444e-01
-1.03157895e+01  5.21165552e-01  3.44515912e-01  2.61054408e-01  1.67100568e-01  2.26767839e-01  1.52105631e-01  1.45292206e-01  3.47058115e-01  1.80543486e-01  8.15419851e-02  6.22110706e-02  8.14768677e-02  9.31080901e-02  7.73804809e-02  4.94036200e-02  3.06856437e-02  1.03303837e-01  7.46692457e-02  1.71156308e-01  2.13689983e-01
-9.84210526e+00  5.75112106e-01  4.43076108e-01  3.22959662e-01  2.17507926e-01  1.85988560e-01  2.10037449e-01  1.03879539e-01  2.24212530e-01  2.14886536e-01  9.27410695e-02  7.17485208e-02  4.59073989e-02  6.69709659e-02  5.52089575e-02  5.81813539e-02  1.91131877e-02  6.84466865e-02  6.87386096e-02  1.19160744e-01  2.01101685e-01
-9.36842105e+00  5.01351962e-01  5.51281734e-01  4.11548950e-01  3.01211108e-01  1.96737837e-01  2.23764314e-01  1.38315918e-01  1.30213727e-01  1.95009641e-01  1.09802476e-01  1.65541510e-01  5.78011800e-02  3.70639527e-02  5.03098204e-02  4.29314213e-02  1.85947780e-02  2.41343660e-02  7.30656804e-02  7.12375213e-02  1.52609791e-01
-8.89473684e+00  3.46498014e-01  6.11306973e-01  5.28401695e-01  4.23088747e-01  2.81170505e-01  2.14355384e-01  1.84503715e-01  1.07648830e-01  1.44791688e-01  1.23156635e-01  3.00014631e-01  2.27071524e-01  4.25319757e-02  3.02145827e-02  2.50658499e-02  2.47715775e-02  6.37945157e-03  4.58322331e-02  4.52279148e-02  9.41668411e-02
-8.42105263e+00  2.29730739e-01  5.75002501e-01  6.36827528e-01  5.78154200e-01  4.61370697e-01  2.62980334e-01  2.14078689e-01  1.39929029e-01  1.08773403e-01  1.26871675e-01  3.80931323e-01  6.16432016e-01  2.25236092e-01  3.60304838e-02  2.31702217e-02  2.06039594e-02  8.06930660e-03  1.30573035e-02  4.05476030e-02  4.58634480e-02
-7.94736842e+00  2.02755566e-01  4.59612479e-01  6.95334114e-01  7.42733155e-01  7.18633161e-01  4.65065569e-01  2.55683803e-01  1.81168120e-01  1.24017946e-01  1.23389410e-01  3.86053758e-01  1.02622629e+00  7.31622824e-01  2.16874283e-01  4.59385715e-02  2.87289009e-02  1.89505885e-02  5.69651304e-03  2.24662628e-02  2.20237442e-02
-7.47368421e+00  2.49198142e-01  3.43926223e-01  6.67129712e-01  8.76895745e-01  9.97496620e-01  8.27524044e-01  4.40487896e-01  2.44063820e-01  1.63803768e-01  1.45104517e-01  3.70012739e-01  1.23553300e+00  1.37644591e+00  7.12659653e-01  2.33513637e-01  7.59110884e-02  4.57985599e-02  2.14000526e-02  1.10705134e-02  1.84985767e-02
-7.00000000e+00  3.40102458e-01  2.90115274e-01  5.73936732e-01  9.47005564e-01  1.26337892e+00  1.25190727e+00  8.42292771e-01  4.20534819e-01  2.36602456e-01  1.95482455e-01  3.78330706e-01  1.23456365e+00  1.81786528e+00  1.32787924e+00  6.97344618e-01  2.84677879e-01  1.27905646e-01  6.65668570e-02  2.91378516e-02  1.62124436e-02