   0.0000000000000000        4.0000000000000000        4.0526315789473681        4.1052631578947372        4.1578947368421053        4.2105263157894735        4.2631578947368425        4.3157894736842106        4.3684210526315788        4.4210526315789469        4.4736842105263159        4.5263157894736841        4.5789473684210531        4.6315789473684212        4.6842105263157894        4.7368421052631575        4.7894736842105265        4.8421052631578947        4.8947368421052628        4.9473684210526319        5.0000000000000000     
  -16.000000000000000        9.7644321357053684E-002   9.8068731841938664E-002   9.8266610239088878E-002   9.8317900233859903E-002   9.8833958379775502E-002  0.12383908079524805       0.18961005235862874       0.19603925541837827       0.19632853879429782       0.19652380573741363       0.19659777893117383       0.19676426700124350       0.19689068674684784       0.19708377277283523       0.19718142426305568       0.19722175172771156       0.19724203318736708       0.19724435574935972       0.19724615540083579       0.19724998830943513     
  -15.526315789473685        9.6929717374816884E-002   9.8015252830520594E-002   9.8236564585755706E-002   9.8304502786065659E-002   9.8516600525557746E-002  0.10992706180774606       0.17974945676100587       0.19564082769436902       0.19627382067917906       0.19649289312390225       0.19657552043448470       0.19670190611680996       0.19686734795798599       0.19702280536165093       0.19716282214246628       0.19721418719578448       0.19723878791032906       0.19724424865180498       0.19724512987175383       0.19724968925383618     
  -15.052631578947368        9.4933339876811754E-002   9.7926692262601103E-002   9.8181027754140088E-002   9.8290815525262462E-002   9.8391851275991898E-002  0.10290725554265687       0.16189696126997100       0.19455106862943827       0.19620399292244894       0.19643784800174810       0.19655495257148858       0.19665271945373577       0.19684319389914590       0.19696087224636646       0.19714199784291683       0.19720500151772480       0.19723358139791888       0.19724396770573513       0.19724464842455000       0.19724898538179420     
  -14.578947368421053        8.9837144866041996E-002   9.7707097769524687E-002   9.8108281779033593E-002   9.8276273517489909E-002   9.8341846646329140E-002  0.10002125804988306       0.13945462819711305       0.19159000033595211       0.19605610402345997       0.19636662864261537       0.19653500507798560       0.19661882660921842       0.19680549486448307       0.19691634491769677       0.19711219638980132       0.19719184401465151       0.19722715444221045       0.19724318615488837       0.19724444414427023       0.19724768624483754     
  -14.105263157894736        7.9176244329713208E-002   9.7094740427465409E-002   9.8030340013947934E-002   9.8252617126489625E-002   9.8317650635739481E-002   9.8944081937429498E-002  0.11997675314520657       0.18418261078443721       0.19566034248752318       0.19629243021235057       0.19650716114715214       0.19659137286082551       0.19674687155536233       0.19688436129152653       0.19706183343526301       0.19717378847699454       0.19721928790752341       0.19724118284105235       0.19724430847407962       0.19724617592724020     
  -13.631578947368421        6.2823936689634666E-002   9.5379656484006842E-002   9.7914417280590735E-002   9.8205223932406244E-002   9.8299236312306207E-002   9.8546616717679891E-002  0.10779582367277396       0.16920178044082318       0.19456396210159402       0.19619362482192287       0.19645708139591175       0.19656608188893940       0.19668428679497049       0.19685637107962192       0.19699535223162673       0.19715212062567117       0.19720926081606036       0.19723698119511826       0.19724407352076259       0.19724513203752353     
  -13.157894736842106        4.4849520752702814E-002   9.0914558728298595E-002   9.7642617459802614E-002   9.8126319134517984E-002   9.8280410242788080E-002   9.8397221594113085E-002  0.10197637689619929       0.14758660506162075       0.19158254935350610       0.19598664255503573       0.19637975766444191       0.19654064952472991       0.19663647315521271       0.19682126115182030       0.19693735805227211       0.19712269979467767       0.19719571508836237       0.19723036975068076       0.19724345275525693       0.19724462192870015     
  -12.684210526315789        2.9583246529941539E-002   8.1218278416111039E-002   9.6893420317553228E-002   9.8017419152127624E-002   9.8253100890652090E-002   9.8337678852697702E-002   9.9655192202342993E-002  0.12625164223135521       0.18414334179001310       0.19543588934366565       0.19627956383210785       0.19650715755216949       0.19660078544278015       0.19676658345364001       0.19689566790409568       0.19707480120400067       0.19717712237687024       0.19722160929100485       0.19724179327778099       0.19724435209031516     
  -12.210526315789474        1.8576867196634973E-002   6.5550066701656903E-002   9.4820050984012319E-002   9.7831390994579631E-002   9.8199303227461565E-002   9.8305709070573774E-002   9.8795903303893720E-002  0.11131124070502513       0.16912557672356440       0.19390747528512436       0.19611698193732210       0.19644843949269877       0.19656942585319814       0.19670001360792932       0.19686112411817594       0.19700775008881438       0.19715359189552739       0.19720991800539506       0.19723792283391348       0.19724403246515179     
  -11.736842105263158        1.1348159940000426E-002   4.7489836807733068E-002   8.9562777489479078E-002   9.7378789160455712E-002   9.8098872471296603E-002   9.8277129607564823E-002   9.8482376164059429E-002  0.10351050571064432       0.14749292380252546       0.18982256836260306       0.19573778546551629       0.19634895962199342       0.19653555522678443       0.19664309500846539       0.19682090131119362       0.19694386577113882       0.19712013381792232       0.19719391768197084       0.19723081941921100       0.19724327447834394     
  -11.263157894736842        6.8495314363290569E-003   3.1638903106387832E-002   7.8672557086272132E-002   9.6132939152465943E-002   9.7923960200946611E-002   9.8234428370987517E-002   9.8363231954999353E-002  0.10022737324181243       0.12617199144718172       0.18016222761006662       0.19470588224744212       0.19618522736011446       0.19648551068062736       0.19659882471765994       0.19676207548698482       0.19689543428673650       0.19706634306665693       0.19717249650903465       0.19722018139862232       0.19724126194067731     
  -10.789473684210527        4.1339647306322808E-003   1.9986180310421511E-002   6.2173683044403474E-002   9.2800647993201785E-002   9.7550166476464070E-002   9.8147548943089066E-002   9.8305104655386000E-002   9.8991680259809547E-002  0.11125836627516227       0.16252377070015450       0.19188408466608578       0.19583902782518553       0.19639178439759131       0.19655728135412226       0.19669183017601580       0.19685329526492512       0.19699549135876737       0.19714413950309481       0.19720511500404181       0.19723646584740259     
  -10.315789473684211        2.5256977990826277E-003   1.2245995538654669E-002   4.4235248735134777E-002   8.5032976271361221E-002   9.6567540013320033E-002   9.7968781921758702E-002   9.8252238132790951E-002   9.8542572520349689E-002  0.10347593216407083       0.14010305845923532       0.18479526562267040       0.19493266709285342       0.19621128439673369       0.19650220205104030       0.19662921209969114       0.19680176716742953       0.19693029539860671       0.19710039171418758       0.19718435190498915       0.19722718436123138     
  -9.8421052631578938        1.5842584074643772E-003   7.3980860469285599E-003   2.9111810026025281E-002   7.1088038985823193E-002   9.3916176990443495E-002   9.7579781666288098E-002   9.8160514388344500E-002   9.8368287512622402E-002  0.10019931829468355       0.12043755985823841       0.17026332177636500       0.19245479178974001       0.19582180061408172       0.19639964754264030       0.19657282543403948       0.19673116719343625       0.19687748115717571       0.19703384281013067       0.19715676093171050       0.19721226701902383     
  -9.3684210526315788        1.0411117881741947E-003   4.4607292263300312E-003   1.8255599555682085E-002   5.3242475454318240E-002   8.7462891970222972E-002   9.6588872021372132E-002   9.7956861539874360E-002   9.8268533646289569E-002   9.8965123662108828E-002  0.10801999187667373       0.14886188267844627       0.18612542685743125       0.19481891948896435       0.19617828141030325       0.19650054285247553       0.19665343937338836       0.19682295903127389       0.19695902475780139       0.19711628484087676       0.19719058674617745     
  -8.8947368421052637        7.3605631652051912E-004   2.7163754026774426E-003   1.1143008710320462E-002   3.6318103850014320E-002   7.4998623877888415E-002   9.3943531476659375E-002   9.7478496822593644E-002   9.8139676787039373E-002   9.8506007111931332E-002  0.10203321132945799       0.12729654906731230       0.17268166125287537       0.19210201153594769       0.19566001668179089       0.19636175466660319       0.19657468823595092       0.19674974636509981       0.19689332174045038       0.19705236232374207       0.19716099595727163     
  -8.4210526315789487        5.7251655277247169E-004   1.6928312071368742E-003   6.7222281204434480E-003   2.3263287975529595E-002   5.7658533794665817E-002   8.7513718474341626E-002   9.6249816339244787E-002   9.7858708180689549E-002   9.8288376793694426E-002   9.9623705835896678E-002  0.11191128507493353       0.15190819756999441       0.18524819735367895       0.19430691436754396       0.19603723310216262       0.19646403502155327       0.19665610638623915       0.19682735248744648       0.19697155532340410       0.19711766614077239     
  -7.9473684210526319        4.8820334016025558E-004   1.0998322024189438E-003   4.0549043254730207E-003   1.4362727578944934E-002   4.0119474256505590E-002   7.5080683384505770E-002   9.3027392615121079E-002   9.7161759137578879E-002   9.8062003399125158E-002   9.8706751119528771E-002  0.10374081960190704       0.12989942763786622       0.17105030646546404       0.19069512963663890       0.19521846578322660       0.19623081191143560       0.19653801433145082       0.19673763506116201       0.19689066639733555       0.19704819324830070     
  -7.4736842105263150        4.3921043595240313E-004   7.6298472847840615E-004   2.4746101828178602E-003   8.7009381488063232E-003   2.6021244999023963E-002   5.7754158461319705E-002   8.5489659024604259E-002   9.5342839036995544E-002   9.7586334021709187E-002   9.8276510344579085E-002  0.10023904829923055       0.11349182036219890       0.14981602776145386       0.18197811294995805       0.19304176502871986       0.19564405258377845       0.19633056358970269       0.19660312951453285       0.19679669223287188       0.19695227649699185     
  -7.0000000000000000        3.9590780116186138E-004   5.7722262845174514E-004   1.5481426755226365E-003   5.2393039967083693E-003   1.6178024007105104E-002   4.0203144254477179E-002   7.1788598806659720E-002   9.0727597268359925E-002   9.6373450339970357E-002   9.7825130642981428E-002   9.8836104464314636E-002  0.10443607419444216       0.12807093403035591       0.16537615035624176       0.18743484937107963       0.19409162972095637       0.19583190472160728       0.19637210383018866       0.19664376132612582       0.19683023494945573     
