 0.00000000e+00  4.00000000e+00  4.05263158e+00  4.10526316e+00  4.15789474e+00  4.21052632e+00  4.26315789e+00  4.31578947e+00  4.36842105e+00  4.42105263e+00  4.47368421e+00  4.52631579e+00  4.57894737e+00  4.63157895e+00  4.68421053e+00  4.73684211e+00  4.78947368e+00  4.84210526e+00  4.89473684e+00  4.94736842e+00  5.00000000e+00
-1.60000000e+01  3.51961365e+03  7.53298488e+03  1.25107064e+04  7.81095009e+03  9.02923445e+03  1.39473639e+04  1.16361228e+04  2.36260195e+03  1.42257713e+03  1.64445839e+03  1.90094677e+03  1.83329853e+03  2.11924056e+03  4.00210966e+02  6.77933993e+01  9.23985670e+00  3.67360950e-01  7.88852322e-03  1.00000000e-03  1.24285539e-03
-1.55263158e+01  3.27356870e+03  5.84533934e+03  1.20654928e+04  9.36241088e+03  6.75704475e+03  1.29723482e+04  1.20654928e+04  4.37437080e+03  1.37195244e+03  1.52949956e+03  1.97109122e+03  1.70513849e+03  2.04382398e+03  7.68335300e+02  9.39330257e+01  1.71076467e+01  9.42429619e-01  2.60800856e-02  1.00000000e-03  1.11483424e-03
-1.50526316e+01  3.64948648e+03  5.63732355e+03  1.16361228e+04  1.08226787e+04  7.26491151e+03  1.04375363e+04  1.20654928e+04  6.28468134e+03  1.58593770e+03  1.52949956e+03  1.90094677e+03  1.76805766e+03  1.70513849e+03  1.18683949e+03  1.30151511e+02  2.94606126e+01  2.41771366e+00  8.01952756e-02  2.86000135e-03  1.00000000e-03
-1.45789474e+01  4.87669836e+03  4.37437080e+03  9.70788143e+03  1.34510245e+04  7.81095009e+03  8.70791464e+03  1.08226787e+04  8.09917214e+03  1.90094677e+03  1.52949956e+03  1.83329853e+03  1.90094677e+03  1.64445839e+03  1.47506986e+03  1.93889213e+02  4.89278925e+01  5.76882371e+00  2.29358596e-01  7.88852322e-03  1.00000000e-03
-1.41052632e+01  4.87669836e+03  4.37437080e+03  7.26491151e+03  1.16361228e+04  9.70788143e+03  8.09917214e+03  9.70788143e+03  8.70791464e+03  2.73110014e+03  1.58593770e+03  1.70513849e+03  2.04382398e+03  1.58593770e+03  1.42257713e+03  3.72233496e+02  7.83672267e+01  1.23469409e+01  6.80170866e-01  2.25611870e-02  1.60168817e-03
-1.36315789e+01  6.51658446e+03  3.78415160e+03  5.24323626e+03  1.12220327e+04  1.16361228e+04  7.53298488e+03  9.02923445e+03  8.70791464e+03  4.37437080e+03  1.52949956e+03  1.70513849e+03  1.97109122e+03  1.70513849e+03  1.32312931e+03  6.89192411e+02  1.12590603e+02  2.54855909e+01  1.94528959e+00  6.93747956e-02  3.96275423e-03
-1.31578947e+01  6.51658446e+03  4.87669836e+03  4.53578396e+03  7.81095009e+03  1.25107064e+04  8.39802951e+03  7.26491151e+03  7.81095009e+03  6.06103086e+03  1.90094677e+03  1.47506986e+03  1.83329853e+03  1.83329853e+03  1.42257713e+03  8.88173588e+02  1.56003035e+02  4.55074998e+01  4.99045565e+00  2.29358596e-01  7.88852322e-03
-1.26842105e+01  6.06103086e+03  6.06103086e+03  4.37437080e+03  6.06103086e+03  1.08226787e+04  9.02923445e+03  7.26491151e+03  6.75704475e+03  6.75704475e+03  2.36260195e+03  1.47506986e+03  1.90094677e+03  1.97109122e+03  1.42257713e+03  9.90166330e+02  2.59088289e+02  7.28888242e+01  1.23469409e+01  7.58277773e-01  2.60800856e-02
-1.22105263e+01  5.24323626e+03  6.51658446e+03  4.37437080e+03  4.53578396e+03  9.02923445e+03  1.08226787e+04  7.26491151e+03  6.28468134e+03  6.06103086e+03  3.51961365e+03  1.58593770e+03  1.58593770e+03  2.04382398e+03  1.58593770e+03  1.02670321e+03  4.46168890e+02  1.08583886e+02  2.74011153e+01  2.50692667e+00  1.19468447e-01
-1.17368421e+01  4.53578396e+03  6.51658446e+03  4.37437080e+03  3.78415160e+03  6.51658446e+03  1.00660998e+04  7.00637797e+03  5.24323626e+03  5.24323626e+03  4.53578396e+03  1.90094677e+03  1.52949956e+03  1.83329853e+03  1.70513849e+03  1.14460390e+03  6.41013170e+02  1.56003035e+02  5.26053656e+01  7.16981365e+00  4.24658731e-01
-1.12631579e+01  2.93637257e+03  6.06103086e+03  6.28468134e+03  3.51961365e+03  4.37437080e+03  8.70791464e+03  7.53298488e+03  5.24323626e+03  4.87669836e+03  4.53578396e+03  2.54017766e+03  1.58593770e+03  1.76805766e+03  1.76805766e+03  1.14460390e+03  6.89192411e+02  2.40976254e+02  8.42573918e+01  1.77389144e+01  1.50947837e+00
-1.07894737e+01  1.90094677e+03  5.43671033e+03  6.75704475e+03  4.21870179e+03  3.39436254e+03  6.06103086e+03  8.70791464e+03  5.43671033e+03  4.53578396e+03  4.21870179e+03  3.04472397e+03  1.70513849e+03  1.52949956e+03  1.83329853e+03  1.47506986e+03  7.40992854e+02  3.58986969e+02  1.21053034e+02  3.93673253e+01  4.81286227e+00
-1.03157895e+01  9.54929671e+02  3.78415160e+03  6.75704475e+03  5.05664728e+03  2.93637257e+03  3.92378582e+03  6.51658446e+03  6.28468134e+03  3.92378582e+03  4.06857251e+03  3.92378582e+03  1.90094677e+03  1.47506986e+03  1.52949956e+03  1.58593770e+03  8.26084209e+02  4.79703424e+02  1.67728391e+02  7.02949583e+01  1.32749503e+01
-9.84210526e+00  4.14978648e+02  2.44978135e+03  5.24323626e+03  5.84533934e+03  3.39436254e+03  2.93637257e+03  4.70315322e+03  6.51658446e+03  4.06857251e+03  3.92378582e+03  4.37437080e+03  2.63390956e+03  1.58593770e+03  1.47506986e+03  1.58593770e+03  9.90166330e+02  5.15758450e+02  2.40976254e+02  1.04719754e+02  2.94606126e+01
-9.36842105e+00  1.50451416e+02  1.32312931e+03  4.70315322e+03  6.51658446e+03  4.21870179e+03  2.93637257e+03  3.64948648e+03  5.05664728e+03  4.87669836e+03  3.92378582e+03  4.87669836e+03  4.06857251e+03  1.97109122e+03  1.47506986e+03  1.37195244e+03  1.23063356e+03  5.54523410e+02  3.10550059e+02  1.30151511e+02  5.86462630e+01
-8.89473684e+00  8.42573918e+01  5.96201987e+02  3.15707350e+03  6.75704475e+03  7.00637797e+03  3.51961365e+03  2.63390956e+03  3.78415160e+03  5.24323626e+03  4.06857251e+03  5.43671033e+03  5.84533934e+03  2.73110014e+03  1.42257713e+03  1.32312931e+03  1.27604363e+03  6.64666392e+02  3.33891336e+02  1.73917525e+02  9.73991302e+01
-8.42105263e+00  6.53808622e+01  2.99498637e+02  1.76805766e+03  6.75704475e+03  9.36241088e+03  4.87669836e+03  2.83187704e+03  3.04472397e+03  4.21870179e+03  4.06857251e+03  5.84533934e+03  1.08226787e+04  5.63732355e+03  2.19743999e+03  1.27604363e+03  1.10387133e+03  8.88173588e+02  3.72233496e+02  2.24130374e+02  1.21053034e+02
-7.94736842e+00  7.83672267e+01  1.30151511e+02  8.26084209e+02  5.05664728e+03  1.16361228e+04  1.00660998e+04  3.92378582e+03  2.36260195e+03  3.27356870e+03  4.53578396e+03  6.06103086e+03  1.86374403e+04  1.79741971e+04  6.06103086e+03  1.90094677e+03  1.27604363e+03  8.56566504e+02  4.62632407e+02  2.40976254e+02  1.45097361e+02
-7.47368421e+00  1.34954068e+02  1.00993133e+02  4.30291253e+02  2.83187704e+03  1.29723482e+04  2.15443469e+04  9.02923445e+03  3.15707350e+03  2.44978135e+03  3.78415160e+03  7.26491151e+03  2.23393278e+04  4.61110951e+04  2.00382504e+04  5.43671033e+03  1.64445839e+03  1.02670321e+03  5.96201987e+02  2.88840497e+02  1.61759507e+02
-7.00000000e+00  2.49868216e+02  9.73991302e+01  2.16154334e+02  1.64445839e+03  1.04375363e+04  3.32793270e+04  2.49046476e+04  7.26491151e+03  3.04472397e+03  3.27356870e+03  6.51658446e+03  2.31636432e+04  9.86909977e+04  9.51789200e+04  2.07776567e+04  5.05664728e+03  1.52949956e+03  8.56566504e+02  4.14978648e+02  1.93889213e+02