   0.0000000000000000        4.0000000000000000        4.0526315789473681        4.1052631578947372        4.1578947368421053        4.2105263157894735        4.2631578947368425        4.3157894736842106        4.3684210526315788        4.4210526315789469        4.4736842105263159        4.5263157894736841        4.5789473684210531        4.6315789473684212        4.6842105263157894        4.7368421052631575        4.7894736842105265        4.8421052631578947        4.8947368421052628        4.9473684210526319        5.0000000000000000     
  -16.000000000000000        84.536614579376263        180.58767297940054        396.33950100126918        758.16962221348581        1691.5963805968711        2453.4818887446922        2686.3971514899126        1274.9119893044051        1220.2678123751182        1651.1622932556672        1879.5696202049608        2091.7597448473261        1842.4144185275291        569.28327700342720        163.06138215369992        32.393227782648481        1.6286806114582806        5.2773971703719523E-002   2.3533755967254984E-003   1.5538686338941715E-004
  -15.526315789473685        96.029489756266685        177.73171293154243        399.27961939675077        754.59142540615483        1494.1855323690247        2454.4363775845973        2770.8484458285438        1849.0162452802854        1222.5799704836083        1672.9936184990909        1976.5894167646402        2130.6053679460506        1898.1906278875319        942.90667850955697        222.63241313435043        58.956733775741576        4.3967771127345916       0.15671148654016256        6.9456125779926653E-003   4.6065893737202139E-004
  -15.052631578947368        108.16493520650634        182.02876785276814        403.31080264744662        754.30068412107232        1374.4383372748846        2431.1027779089859        2822.4055798143436        2459.6604143898971        1285.9546714481028        1678.2653859899715        2049.8848572487400        2181.7104792677983        1952.1577097970858        1313.6467550643556        291.64003399498404        96.247719108371570        10.966216627600847       0.46334019804300580        2.0588595485470929E-002   1.3579498032372968E-003
  -14.578947368421053        122.69188543279117        195.16896510703478        406.40398776267915        756.65569350411715        1330.3092978984041        2362.3633473336927        2863.4708410740409        2852.7487842089490        1492.3929234069046        1679.3526432487445        2104.8677047669439        2256.9525415413850        2047.2004357778624        1541.3560609454003        417.66282417131015        151.88117179179028        25.320536783985446        1.3532097557328107        6.1157125382374014E-002   3.9693366286997784E-003
  -14.105263157894736        136.28507162400237        215.02352369891241        408.99123068140295        763.38894874928610        1317.1528531078884        2244.7848919301978        2893.7053867257409        3044.0951365656624        1929.7809766967052        1694.9008200452042        2142.5168528085424        2354.3816547306965        2201.3700439293289        1655.1919069216167        658.76946611006088        221.26952430509914        52.555769549058240        3.8302483802075380       0.18165900549853853        1.1563441905574770E-002
  -13.631578947368421        145.08896665511688        239.03697045252082        416.86407279020750        777.03332327037367        1314.7811932046577        2141.4714287121201        2911.2387936787527        3148.5267811896706        2530.3820685573578        1759.2203023992420        2156.3790835351342        2442.9860088420887        2369.8702367974438        1739.0916699148552        981.44743865807254        292.36602198108096        94.762340683401078        10.176680644364133       0.53821303026038092        3.3900509544069223E-002
  -13.157894736842106        149.88219854667435        268.43365938822956        435.99857486157680        797.62204014048427        1319.1383235140074        2097.2365625910006        2917.2615365674001        3229.2247686356927        3024.6443255117242        1939.9215052371230        2161.3303374521656        2510.3384422618915        2508.1919041089382        1867.8483198789593        1243.3942280686356        388.85633954327983        154.85337599388106        24.760491765706206        1.5815400970548770       0.10014328027566616     
  -12.684210526315789        152.64008049180813        297.60204141233197        468.09894007060666        822.14015430257302        1333.6557799498214        2086.7006586939519        2919.8868704271990        3299.9468274031233        3310.9080651237473        2321.0322424713258        2191.9441296555005        2559.4113667005713        2625.2350391987484        2091.3325386810179        1396.5398319188007        561.84949239929699        230.87232033820206        54.344307780600552        4.5445486209767063       0.29682256628251552     
  -12.210526315789474        154.63887610695713        318.32427346642061        512.28240038148908        851.00493954156980        1365.8996757768916        2088.6538430549986        2940.8398151573533        3367.5648502549820        3490.6655897171304        2869.1395154835491        2288.5673680357531        2586.8251563129011        2723.0481739402007        2364.7730577571283        1511.0089661819941        810.03952646581695        309.01382708067638        104.22303404147183        12.407070971428022       0.87877713393402246     
  -11.736842105263158        156.68697008438309        331.02290646377367        568.18795252794484        891.53301889587703        1420.4634988489918        2102.1853692961813        2979.0492690740884        3456.7804015392894        3647.6954107574265        3369.9560311978407        2511.0326216597427        2612.5339520441103        2799.5381297832573        2587.1695570197262        1679.1741283734591        1034.8108414821613        402.48196270687214        174.99768498742262        31.040816713135687        2.5818659074511521     
  -11.263157894736842        159.52035605250009        339.38959451067052        624.50344068640754        952.91754141642696        1491.1727456044894        2138.6987693352794        3010.9658801199794        3602.4790196762419        3800.6861471778498        3744.9899845574455        2929.0891623938769        2687.3411241977092        2862.5268009097872        2741.8033852832818        1961.5410685602881        1187.3924193705473        550.53984561168215        259.09400063794732        69.198056498810445        7.4189969523790715     
  -10.789473684210527        164.15403439566424        346.20797143242567        670.29911381851207        1043.1636702603291        1570.9440151778667        2216.7186404763697        3039.0406607521077        3792.3484394851544        3966.7375972898981        4100.0778447302337        3506.2547891471804        2872.2313925614149        2923.2663047368469        2854.6184219485663        2295.9197553947720        1331.0746403311205        744.86057169108051        343.60545816590763        133.45414269303441        20.231908073118944     
  -10.315789473684211        172.36719910830516        353.66455503988908        705.80659605344670        1163.6001045547389        1673.9070974249801        2345.9957739838878        3087.4921434800704        3948.8098259708563        4201.4603682837133        4484.8555886610957        4152.4975945665892        3254.5598173999192        3027.8269644676907        2953.7647281714399        2559.5779820078415        1560.3607942126873        917.13993740211799        444.13652460360117        220.11176545968755        50.179636338354989     
  -9.8421052631578938        187.76170709445603        364.14292158274606        734.32636037719510        1301.9909218544881        1837.2597798231213        2515.6406618951501        3194.7731356548179        4048.3773490333847        4540.4833780505669        4870.3113452472371        4966.5294233746245        3948.1512467918442        3270.2547699662136        3076.2840853624075        2741.2694258028432        1905.3804358995417        1063.8345174905644        584.70477305635745        313.61966746488019        108.66814113535597     
  -9.3684210526315788        218.30306054675953        381.11852976008362        760.00683197713181        1442.7843124180235        2109.7104650813562        2739.1165338180826        3404.1933406308235        4144.5801204069330        4885.2058828918880        5276.9387878720290        6015.5221626752400        5101.6682157628984        3818.6944709096638        3294.2427413879886        2904.1825964434911        2258.3831791199182        1265.3407877006225        739.91858762204163        409.20397840137014        198.82003253024050     
  -8.8947368421052637        282.65059654368304        410.51387432174158        788.50555852943432        1570.0264300419162        2522.0411940410340        3120.3290830940045        3743.0855828084236        4325.1057125218604        5132.6703004699975        5777.4870525089036        7109.7756769300850        7042.0093177563876        5023.2755117425349        3782.6074228111897        3149.3708396507118        2542.7693087743000        1593.3861990283638        889.99066644925608        527.47223050709283        306.41331225676106     
  -8.4210526315789487        423.01100543087659        463.42667742519092        827.53340292297651        1677.9203390701200        3037.0591077902177        3859.0041790498576        4290.8689245025253        4708.5872815853409        5355.2385687721580        6317.2956644120932        8079.6876127754731        9864.6046594548407        7574.6329736902862        4964.9715526928067        3667.9162690835719        2849.4283154846676        2005.3594304057949        1099.0347839201556        670.05234567663683        418.73635601037688     
  -7.9473684210526319        711.30904986525366        561.53670780747120        888.39661714280101        1775.1674251019670        3549.0723998691656        5138.3792781045513        5372.3473606079724        5460.5356458305023        5750.3338181064246        6777.4677612381911        8964.1816389840733        12910.584890001464        12447.481556706109        7848.8225283881020        4921.9207474365621        3428.3276313097799        2451.3689587291369        1461.1218491751965        838.40151725951603        551.06228079891764     
  -7.4736842105263150        1200.6112978747833        746.84569035297181        988.60343310147778        1879.6990883603062        3981.8485472074199        6851.9005877558602        7623.4569339775298        6984.8043144043168        6649.7876103752615        7300.3128276894031        9808.1755932005635        15439.065361008294        19614.963578803381        14398.837505350850        8121.1847893318190        4840.6850037830427        3146.4431615698395        2014.3358233452145        1120.1452561056162        722.22497620257241     
  -7.0000000000000000        1820.5502472791586        1088.0774411355039        1156.1494190741112        2015.0431726929160        4332.1669297412373        8588.1158687068892        11534.449376989092        10367.903774103652        8702.1763792042348        8373.3582951807184        10668.793945142288        17335.430762062442        27091.708297571975        26586.725074333048        16070.807124718813        8501.5282588309929        4777.6651380566163        2899.5018263613033        1676.5218723009853        985.61431083973616     
