   0.0000000000000000        4.0999999999999996        4.1315789473684204        4.1631578947368419        4.1947368421052627        4.2263157894736842        4.2578947368421050        4.2894736842105265        4.3210526315789473        4.3526315789473680        4.3842105263157896        4.4157894736842103        4.4473684210526319        4.4789473684210526        4.5105263157894733        4.5421052631578949        4.5736842105263156        4.6052631578947372        4.6368421052631579        4.6684210526315795        4.7000000000000002     
  -22.000000000000000       0.30996861239532941       0.31826142499635784       0.33574307244990625       0.33779314920237502       0.33795704397928483       0.33798546737989826       0.33805342685060230       0.33814873219110103       0.33816552401906835       0.33819489345243148       0.33822796398863142       0.33832823620312663       0.33837223114854981       0.33840866285479587       0.33851215530789058       0.33855508698983644       0.33858484312919768       0.33859674891613023       0.33860639460760111       0.33861436138848061     
  -21.714285714285715       0.30980173123646770       0.31492367015984041       0.33404429702438548       0.33769487600177744       0.33794139268686274       0.33798111244741053       0.33803272778281784       0.33813934834818671       0.33816303290892563       0.33818791977238510       0.33822086262715256       0.33830690181379608       0.33836786702893995       0.33840018985374998       0.33849064200018680       0.33855108803415240       0.33857938558714190       0.33859526204687779       0.33860498829035329       0.33861310506670644     
  -21.428571428571427       0.30970855851258755       0.31266861197275236       0.33135033249735701       0.33751600178410984       0.33791752063915304       0.33797699667159992       0.33801612892609728       0.33812465335239350       0.33816062808643371       0.33818115922457936       0.33821506472001833       0.33828321205598499       0.33836312412003955       0.33839270938693855       0.33846626736727503       0.33854643291342817       0.33857305293005630       0.33859375993533158       0.33860329013857093       0.33861152756925156     
  -21.142857142857142       0.30965285640671841       0.31130066732913170       0.32758143331108946       0.33718267028327242       0.33788302964958883       0.33797198210446189       0.33800329545144542       0.33810415014934053       0.33815775191920006       0.33817509978286575       0.33820933983428469       0.33826140348422828       0.33835656032653771       0.33838555041607771       0.33844338948198088       0.33853972634719620       0.33856665247252565       0.33859184072275827       0.33860128184558569       0.33860984793023158     
  -20.857142857142858       0.30961587253357786       0.31052472131660347       0.32313197458641357       0.33656559651276996       0.33783287846938004       0.33796454410563231       0.33799372259509425       0.33807981119522090       0.33815362624404183       0.33817014602445927       0.33820301873150316       0.33824419465318339       0.33834639817817069       0.33837894843729632       0.33842516368800807       0.33852923725700523       0.33856084434464112       0.33858902395125662       0.33859916093795567       0.33860826184170645     
  -20.571428571428573       0.30958905725835018       0.31009985169022419       0.31880563389272726       0.33545582863227363       0.33775380385669429       0.33795244452577017       0.33798666577259839       0.33805551298300762       0.33814704381208199       0.33816630536148068       0.33819607327990359       0.33823177710102437       0.33833101409912975       0.33837324497856419       0.33841186145781871       0.33851338267330833       0.33855579804067398       0.33858490183605211       0.33859717683938856       0.33860677630178287     
  -20.285714285714285       0.30956940471236044       0.30986983337634066       0.31531995634848403       0.33356797059459248       0.33761671551295580       0.33793265257954747       0.33798100927798191       0.33803433792460058       0.33813637574356947       0.33816315538131114       0.33818886795524433       0.33822285928126217       0.33831020393506428       0.33836815017497579       0.33840186815586815       0.33849196258438208       0.33855104216474036       0.33857941517818885       0.33859537618068208       0.33860522975412699     
  -20.000000000000000       0.30955572327936726       0.30974303823022692       0.31291920915106763       0.33064208483358049       0.33736577038204285       0.33790145122254112       0.33797537895086971       0.33801716440957219       0.33812013458434759       0.33816006344334137       0.33818184658136785       0.33821578126452972       0.33828642654098778       0.33836264098653784       0.33839341966268421       0.33846742580357331       0.33854550214409157       0.33857302137763945       0.33859352395683640       0.33860343284323258     
  -19.714285714285715       0.30954679972190824       0.30966951779910618       0.31144687276086780       0.32667928351757158       0.33690049352965845       0.33785356471665151       0.33796811020884571       0.33800367572983708       0.33809832667184953       0.33815626342207000       0.33817547649227120       0.33820913984387446       0.33826388251274941       0.33835514577250375       0.33838564233053131       0.33844410682450921       0.33853760891356022       0.33856646579857841       0.33859118270157551       0.33860133083246147     
  -19.428571428571427       0.30954112774912967       0.30962316011442587       0.31060411840289764       0.32218225047170257       0.33605116219067371       0.33777811263361862       0.33795688959794701       0.33799331644157632       0.33807354335583889       0.33815069537603459       0.33817013677297447       0.33820215880711224       0.33824563203366964       0.33834378066331261       0.33837857518499986       0.33842524976264243       0.33852550812806426       0.33856034153555303       0.33858784615592930       0.33859907927539384     
  -19.142857142857142       0.30953725898205448       0.30959161366433952       0.31014031109275508       0.31798549703222673       0.33456326749040965       0.33765061202407060       0.33793830109768597       0.33798518976751302       0.33804969902354337       0.33814185660128593       0.33816580112128986       0.33819476086092592       0.33823215645367977       0.33832702436922840       0.33837235277456079       0.33841121082699555       0.33850777888968953       0.33855472801986841       0.33858316477313233       0.33859688839526630     
  -18.857142857142858       0.30953400976688850       0.30956981632550062       0.30988833793457526       0.31472497101379798       0.33214398981121218       0.33742151439406692       0.33790750518676316       0.33797784354733323       0.33802929363665463       0.33812804778666128       0.33816196189270364       0.33818726741559635       0.33822221633759303       0.33830512134126978       0.33836644911155050       0.33840043927002733       0.33848486346420303       0.33854898246273873       0.33857722587874106       0.33859475614442286     
  -18.571428571428573       0.30953053574323663       0.30955530771184353       0.30974920181164528       0.31254177106484615       0.32863288872957613       0.33699939584014282       0.33785750808795717       0.33796927714667729       0.33801270735087724       0.33810839872785792       0.33815779931258161       0.33818008975526820       0.33821410789733297       0.33828104182677043       0.33835956518919008       0.33839130108818316       0.33845997106008457       0.33854175702765488       0.33857058213259622       0.33859237577451723     
  -18.285714285714285       0.30952645016110780       0.30954607296322328       0.30966868303395756       0.31122444650674591       0.32429070011195760       0.33622737983086182       0.33777595273315802       0.33795672562942181       0.33799942514813169       0.33808432327598453       0.33815221291724501       0.33817364839789144       0.33820646977102259       0.33825896003653433       0.33834986041569726       0.33838307281891217       0.33843743221577327       0.33853120244585294       0.33856389087719507       0.33858924688123770     
  -18.000000000000000       0.30952194355511931       0.30954013749224935       0.30961872797058670       0.31047877034597904       0.31985170200541835       0.33486410963250363       0.33763711105504468       0.33793605907877583       0.33798861635524247       0.33805944618244593       0.33814370256237514       0.33816816169694869       0.33819867978788742       0.33824137431870066       0.33833543556396617       0.33837570696110003       0.33841963649243489       0.33851550401590580       0.33855748338136449       0.33858490767779514     
  -17.714285714285715       0.30951755776963463       0.30953581610491721       0.30958613408649305       0.31006883267067226       0.31610349812962180       0.33261299051421706       0.33738876945212259       0.33790099843804411       0.33797878944615817       0.33803708764798596       0.33813051011797474       0.33816333940729437       0.33819077116318352       0.33822822458787577       0.33831546654479089       0.33836891235130112       0.33840616182744371       0.33849412593200862       0.33855103833694683       0.33857924398178368     
  -17.428571428571431       0.30951358608366236       0.30953185830545682       0.30956490773439921       0.30984536743893909       0.31343034319229462       0.32927879221159922       0.33693370944573853       0.33784182891598141       0.33796750817944532       0.33801835501626060       0.33811150861526906       0.33815836977359154       0.33818304926461606       0.33821802736406820       0.33829164296557879       0.33836160018871775       0.33839534970977220       0.33846920967763322       0.33854342051307540       0.33857263410595917     
  -17.142857142857142       0.30950967485593234       0.30952754686574269       0.30955147817957623       0.30972038322566559       0.31174631234212219       0.32503231018312873       0.33610578388390183       0.33774165535793793       0.33795111395411503       0.33800280014941381       0.33808767575503601       0.33815202847685505       0.33817586894112145       0.33820916135204793       0.33826790734772894       0.33835197135765344       0.33838596463376081       0.33844500501198665       0.33853281836098403       0.33856566864757048     
  -16.857142857142858       0.30950484520800187       0.30952280321183062       0.30954302585028870       0.30964700173749160       0.31076836523403178       0.32054957242332799       0.33465381794540627       0.33756721382129157       0.33792396961391763       0.33798939057211108       0.33806236598164391       0.33814268220642280       0.33816947097656025       0.33820062451587851       0.33824775263455858       0.33833800651984630       0.33837757080055775       0.33842488049233138       0.33851730463231133       0.33855868345003198     
  -16.571428571428569       0.30949761682656529       0.30951801774949028       0.30953722871826750       0.30960174630891846       0.31022407972410737       0.31664666525230140       0.33228149677958113       0.33725302496435616       0.33787712910594642       0.33797626933535835       0.33803901694618810       0.33812851634626601       0.33816363828519735       0.33819216480123943       0.33823215272323365       0.33831854934045796       0.33836977757973236       0.33840935304120678       0.33849609112556711       0.33855140458850502     
  -16.285714285714285       0.30948617538737000       0.30951344923889174       0.30953238567209634       0.30957342261276433       0.30992640123431908       0.31379314156918120       0.32882211568982139       0.33667947531876136       0.33779592532964059       0.33796013156803323       0.33801889136147767       0.33810852005754133       0.33815751508592939       0.33818393203493829       0.33822004861399790       0.33829481260079663       0.33836147941026140       0.33839705723191005       0.33847102592314976       0.33854273086848524     
  -16.000000000000000       0.30946897628894632       0.30950869593911373       0.30952749579369204       0.30955590987663473       0.30976199846435076       0.31196347797793628       0.32450506702170323       0.33564880242307504       0.33765415894341977       0.33793558017097403       0.33800135759531619       0.33808392515975888       0.33814967962180392       0.33817616781360782       0.33820982551729828       0.33827048623786798       0.33835080561806108       0.33838660623057770       0.33844625003210371       0.33853082981320504     
  -15.714285714285715       0.30944605021779598       0.30950261902736820       0.30952230240370615       0.30954504645293351       0.30966778074428741       0.31088846170329987       0.32005044464930893       0.33388237891514466       0.33740148519234098       0.33789387605290283       0.33798480394039149       0.33805814131437895       0.33813828193378020       0.33816899540836154       0.33820035160887185       0.33824924806159196       0.33833570023155390       0.33837727860123701       0.33842527141696394       0.33851383082699027     
  -15.428571428571429       0.30941996115893172       0.30949350368689199       0.30951702864300806       0.30953771746411035       0.30961176140513808       0.31028724188720996       0.31625548872208997       0.33110505275396340       0.33694289040363290       0.33782055759467938       0.33796626973489141       0.33803421059405192       0.33812154882955248       0.33816205160836821       0.33819122353009629       0.33823239351863005       0.33831517266760780       0.33836839218103887       0.33840880758261471       0.33849129219175889     
  -15.142857142857142       0.30939437645088680       0.30947941156757264       0.30951170034772224       0.30953177557702205       0.30957798308314716       0.30995704100502297       0.31352914314432290       0.32726385898000476       0.33611332471676836       0.33769068870132418       0.33794037737069754       0.33801274280657173       0.33809905531176798       0.33815424209238221       0.33818243966429695       0.33821905581602807       0.33829077328321361       0.33835855898095391       0.33839562911055537       0.33846558262907572     
  -14.857142857142858       0.30937101043620924       0.30945909682271133       0.30950559480197742       0.30952602762088421       0.30955763636273714       0.30977489993424157       0.31180205683204576       0.32279179531879071       0.33466175412660171       0.33745850831754243       0.33789792694497850       0.33799225968333407       0.33807285434259704       0.33814381742663507       0.33817407157059010       0.33820773482796307       0.33826631311631478       0.33834570985268986       0.33838437951451600       0.33844094435078675     
  -14.571428571428571       0.30934814827114310       0.30943337337480187       0.30949718225226663       0.30952012156012454       0.30954508409376702       0.30967153319266355       0.31079479221778344       0.31850609662988238       0.33229140667418383       0.33703832924740323       0.33782336264001422       0.33796965350083280       0.33804632378475968       0.33812875177267560       0.33816597346609478       0.33819738456323284       0.33824514288157498       0.33832795027896917       0.33837414062765103       0.33842035733381215     
  -14.285714285714285       0.30932078149587994       0.30940521837700113       0.30948441538882299       0.30951403122242771       0.30953646251618117       0.30961144072058550       0.31023187513436029       0.31509694449534753       0.32883438175072310       0.33627847845426073       0.33768984029824073       0.33793914216771692       0.33802123856276772       0.33810774817665290       0.33815736761225401       0.33818757270148136       0.33822812989241408       0.33830510458127966       0.33836377542436458       0.33840400036937029     
  -14.000000000000000       0.30928010112424309       0.30937718899750394       0.30946545102798184       0.30950726765223463       0.30952933885574813       0.30957621294605869       0.30992261704588769       0.31277046329557856       0.32451821162347333       0.33494123739125686       0.33744920197394912       0.33789026297524688       0.33799645440483650       0.33808163527247459       0.33814665674733818       0.33817813465551527       0.33821427044468033       0.33827976764834622       0.33835141277041930       0.33839054366155830     
  -13.714285714285714       0.30921086671573517       0.30934838402805243       0.30943994323930463       0.30949844748691802       0.30952248692339696       0.30955529460166004       0.30975157856312946       0.31135016114687175       0.32006167738110258       0.33272966095197543       0.33701315859107767       0.33780473192799526       0.33796822816998540       0.33805322710224711       0.33813171282847132       0.33816884435370614       0.33820223750295891       0.33825585334365255       0.33833489416458085       0.33837867058790161     
  -13.428571428571429       0.30908529923764910       0.30931323553651030       0.30940975990458763       0.30948544013609314       0.30951541881295480       0.30954209642759484       0.30965493906027952       0.31053681072293021       0.31626241695744317       0.32943854193984340       0.33622658435672725       0.33765060870710234       0.33792943117510549       0.33802459140197411       0.33811079622840468       0.33815900715111402       0.33819117273862709       0.33823570852439988       0.33831316615540508       0.33836713078623298     
  -13.142857142857142       0.30885215479510680       0.30926058112466781       0.30937707197347858       0.30946604130167710       0.30950752304077467       0.30953244412493230       0.30959965649701948       0.31008620554093480       0.31353084346365478       0.32521768133268275       0.33484766573182884       0.33737095251942173       0.33786690340830688       0.33799452425113691       0.33808396195020335       0.33814708602066873       0.33818058341241791       0.33821926239248956       0.33828778151708927       0.33835412493172839     
  -12.857142857142858       0.30841823715241312       0.30917045038316682       0.30934062735977902       0.30943919249042995       0.30949734237070964       0.30952396133554572       0.30956768050958655       0.30983850638814986       0.31179870161204692       0.32072569836956211       0.33257911724740336       0.33686344007205932       0.33775704323246525       0.33795796958204927       0.33805325688187499       0.33813084925459513       0.33816998857671765       0.33820532526318647       0.33826242526621769       0.33833743225671148     
  -12.571428571428571       0.30762623078976420       0.30900649887745957       0.30929307405903927       0.30940573828967893       0.30948252754083622       0.30951540836718400       0.30954829411845353       0.30970089728545364       0.31078691317195800       0.31678309441487534       0.32922784431215679       0.33595300856676980       0.33755805919320486       0.33790491976325715       0.33802012095456496       0.33810829174315782       0.33815851048261986       0.33819278926610769       0.33824014070533093       0.33831568474377394     
  -12.285714285714286       0.30623415250106073       0.30870260907687086       0.30921878886526710       0.30936654248144324       0.30946050301315409       0.30950567796387102       0.30953501633482089       0.30962362239898289       0.31022010252250204       0.31388030631186931       0.32497044768605710       0.33437813160218360       0.33719565863400597       0.33781682011181291       0.33798214540109117       0.33807899763838678       0.33814443593644000       0.33818081925466914       0.33822158967696991       0.33828998758701018     
  -12.000000000000000       0.30395185033814792       0.30814095023291005       0.30908901994430410       0.30931814696865800       0.30942962900848553       0.30949286787064234       0.30952402937920648       0.30957963270310251       0.30990815871203470       0.31200822008359214       0.32048764794122875       0.33184832068036557       0.33653947836516707       0.33766005815875916       0.33793140697681501       0.33804411035406268       0.33812529572879468       0.33816855136122626       0.33820585215369037       0.33826377647024286     
  -11.714285714285714       0.30058762343096596       0.30713014976060021       0.30885165589286107       0.30924867690066488       0.30938954101847355       0.30947410293391703       0.30951307867733407       0.30955343496902871       0.30973649771365153       0.31090246453523701       0.31659325877137845       0.32823087222380415       0.33537725862364914       0.33737476377235842       0.33785219230863023       0.33800331426299313       0.33809882929595675       0.33815466681237499       0.33819169767835761       0.33824020012722888     
  -11.428571428571429       0.29633263762698381       0.30539606189340629       0.30841253324941242       0.30913357272187053       0.30933839144532677       0.30944620987863364       0.30950015338807352       0.30953578675199211       0.30964105154557514       0.31028053640190839       0.31374962046780785       0.32383712599699854       0.33342083673200734       0.33685565473761797       0.33771542696576901       0.33795090172074371       0.33806412438202738       0.33813694725877913       0.33817792216035902       0.33822015017237589     
  -11.142857142857142       0.29184549697700474       0.30266340024484278       0.30761283409601575       0.30892758363036382       0.30926732162739468       0.30940662479659564       0.30948238025156499       0.30952124192500563       0.30958706992488805       0.30993744896869013       0.31192595543142210       0.31943131421759929       0.33041778809377442       0.33592565021729126       0.33746857657235169       0.33787275820969231       0.33802066370774436       0.33811241734903036       0.33816309572159930       0.33820279508918399     
  -10.857142857142858       0.28792716399330720       0.29886325955545595       0.30620819207837030       0.30854860371104303       0.30915445504044065       0.30935250235620715       0.30945581246043985       0.30950620057560341       0.30955466831434914       0.30974926671837949       0.31085197905040596       0.31577605260094743       0.32639513373104201       0.33432219496889332       0.33701886585085961       0.33774167724431792       0.33796415305219923       0.33807830929650395       0.33814510429789135       0.33818669332023571     
  -10.571428571428571       0.28498917453653938       0.29438432108525336       0.30390507670444034       0.30785509835739661       0.30895718219362789       0.30927586562247222       0.30941599560193211       0.30948713531044364       0.30953207310895381       0.30964494836712297       0.31024847125686461       0.31320302416662626       0.32188644595725219       0.33175678333399100       0.33620866223350071       0.33750788114126912       0.33788146714209394       0.33803236633511957       0.33812074458578573       0.33817006350926615     
  -10.285714285714286       0.28294907613167103       0.29000372411428033       0.30050680094042614       0.30662457102348512       0.30859739540580855       0.30915581524114349       0.30935780414606329       0.30945933069744214       0.30951203537882677       0.30958527036331301       0.30991571548525015       0.31159354557501856       0.31772955880382864       0.32810607204218778       0.33479534671646555       0.33708288962825111       0.33774523885343660       0.33796986993156070       0.33808598821044400       0.33815049068153691     
  -10.000000000000000       0.28143192670454753       0.28638879667178213       0.29619559920924105       0.30456257086992955       0.30793960679033050       0.30894914821716551       0.30927165667107653       0.30941658481684192       0.30948892878598960       0.30954754774051968       0.30973302131703001       0.31065931666476865       0.31453140575949962       0.32369689126354062       0.33248317381153497       0.33631595041757306       0.33750454643543887       0.33787742861834852       0.33803642072286100       0.33812438286763558     
  -9.7142857142857135       0.27995973989908285       0.28368909233737560       0.29160915494258299       0.30141810149857196       0.30676768948728356       0.30857518106577186       0.30913484898476246       0.30935081234936024       0.30945641613558411       0.30951790745204916       0.30963033345945357       0.31013658284621826       0.31240190122099865       0.31930145615486633       0.32908772151813176       0.33497269373398103       0.33706857069590124       0.33772554711386737       0.33796519513385831       0.33808660170484572     
  -9.4285714285714288       0.27796284425222401       0.28159619263944230       0.28750335600968030       0.29724330641494612       0.30478645467965471       0.30789366941397855       0.30889962242443592       0.30924850514643659       0.30940590847256189       0.30948655842541389       0.30956801402186129       0.30984842721226219       0.31111688838472862       0.31567343741190645       0.32480284892248623       0.33275835815993787       0.33628301690598333       0.33745818413610884       0.33785649311140553       0.33803036133270420     
  -9.1428571428571423       0.27466070928089514       0.27954414403428640       0.28420173114853908       0.29255068244860977       0.30171998325274757       0.30668098418776057       0.30847553628818847       0.30908117578706279       0.30932512733567130       0.30944376324070660       0.30952185610105803       0.30968683801608915       0.31038405320083862       0.31312805235672592       0.32032222077510453       0.32946628555403878       0.33490992131641850       0.33697540250051922       0.33767581198634711       0.33794521085755913     
  -8.8571428571428577       0.26889649909547447       0.27678654058539159       0.28146128969804352       0.28808105054059807       0.29755648459859496       0.30463128769226833       0.30770572743005625       0.30879034870740918       0.30919355655393183       0.30937662163282337       0.30947495874840497       0.30958887026484977       0.30997426973072295       0.31153651516829450       0.31645300013492050       0.32524132852002430       0.33265399523041789       0.33610928731100154       0.33735699333614089       0.33780995928971386     
  -8.5714285714285712       0.25907039318003300       0.27230094532401555       0.27861855285974640       0.28421828171721608       0.29272517584949459       0.30145505217556806       0.30634323864791757       0.30826545831695762       0.30897074038849714       0.30926560117951390       0.30941104095129190       0.30951570133790085       0.30974152733953803       0.31060794455733981       0.31363708119595457       0.32073678495635893       0.32931635603602144       0.33460754181296815       0.33678276301671878       0.33758047195690871     
  -8.2857142857142865       0.24345471256657444       0.26465512147416159       0.27469970141279676       0.28071030148197623       0.28790240704508951       0.29712028320858114       0.30405793007939635       0.30731777337995075       0.30857681175110924       0.30907712453133646       0.30930849905084101       0.30943870010878494       0.30959461749731815       0.31007768044051065       0.31182721219367382       0.31677056629090944       0.32505892434576766       0.33217689450166238       0.33576050287467579       0.33717301548547163     
  -8.0000000000000000       0.22111045042979252       0.25208244877918562       0.26836804993093055       0.27673152539749329       0.28340714770283310       0.29200778675027977       0.30054969263229131       0.30565268492653636       0.30786318210746161       0.30874735083928351       0.30913305870695224       0.30932887558403516       0.30947462792364905       0.30976340174213290       0.31074537887180348       0.31383170560233770       0.32054770895201462       0.32865026740025710       0.33401502900006025       0.33644172464868538     
