 0.00000000e+00  4.10000000e+00  4.13157895e+00  4.16315789e+00  4.19473684e+00  4.22631579e+00  4.25789474e+00  4.28947368e+00  4.32105263e+00  4.35263158e+00  4.38421053e+00  4.41578947e+00  4.44736842e+00  4.47894737e+00  4.51052632e+00  4.54210526e+00  4.57368421e+00  4.60526316e+00  4.63684211e+00  4.66842105e+00  4.70000000e+00
-2.20000000e+01  2.36260195e+03  2.93637257e+03  2.93637257e+03  2.54017766e+03  4.46168890e+02  1.61759507e+02  3.58986969e+02  4.62632407e+02  5.34789804e+02  5.74985182e+02  5.74985182e+02  1.18683949e+03  1.76805766e+03  1.52949956e+03  2.78561644e+02  3.28436998e+01  1.37647926e+01  8.91104156e+00  2.59943162e+00  5.27789393e-01
-2.17142857e+01  2.11924056e+03  2.93637257e+03  2.93637257e+03  2.73110014e+03  7.40992854e+02  1.61759507e+02  3.22009277e+02  4.46168890e+02  5.34789804e+02  5.96201987e+02  5.74985182e+02  9.20946965e+02  1.64445839e+03  1.58593770e+03  4.79703424e+02  3.79663758e+01  1.83934758e+01  7.43437794e+00  3.87242337e+00  7.05268996e-01
-2.14285714e+01  1.76805766e+03  2.93637257e+03  3.15707350e+03  2.93637257e+03  1.18683949e+03  1.73917525e+02  2.68648580e+02  4.14978648e+02  5.15758450e+02  6.18201687e+02  5.96201987e+02  7.40992854e+02  1.58593770e+03  1.58593770e+03  7.96686675e+02  4.89278925e+01  2.28604306e+01  6.91466432e+00  5.36554367e+00  8.76547375e-01
-2.11428571e+01  1.47506986e+03  2.73110014e+03  3.15707350e+03  3.04472397e+03  1.76805766e+03  2.24130374e+02  2.32400727e+02  4.14978648e+02  4.97404357e+02  6.18201687e+02  5.96201987e+02  6.41013170e+02  1.47506986e+03  1.58593770e+03  1.10387133e+03  7.55784030e+01  2.64260026e+01  8.28809911e+00  6.66859488e+00  1.12962101e+00
-2.08571429e+01  1.06458830e+03  2.63390956e+03  3.04472397e+03  2.93637257e+03  2.19743999e+03  3.10550059e+02  2.16154334e+02  3.85968816e+02  4.97404357e+02  6.18201687e+02  6.18201687e+02  5.96201987e+02  1.27604363e+03  1.58593770e+03  1.32312931e+03  1.34954068e+02  2.94606126e+01  1.06810095e+01  6.91466432e+00  1.50947837e+00
-2.05714286e+01  7.96686675e+02  2.27852496e+03  3.04472397e+03  3.15707350e+03  2.54017766e+03  4.97404357e+02  2.01043675e+02  3.72233496e+02  4.79703424e+02  5.96201987e+02  6.41013170e+02  5.96201987e+02  1.06458830e+03  1.58593770e+03  1.42257713e+03  2.49868216e+02  3.16749040e+01  1.42727099e+01  6.66859488e+00  1.94528959e+00
-2.02857143e+01  6.41013170e+02  2.04382398e+03  3.04472397e+03  3.15707350e+03  2.83187704e+03  7.96686675e+02  2.01043675e+02  3.22009277e+02  4.46168890e+02  5.74985182e+02  6.41013170e+02  5.96201987e+02  8.88173588e+02  1.42257713e+03  1.52949956e+03  4.46168890e+02  3.66152813e+01  1.83934758e+01  6.20241471e+00  2.79480770e+00
-2.00000000e+01  5.34789804e+02  1.70513849e+03  2.93637257e+03  3.15707350e+03  3.04472397e+03  1.27604363e+03  2.16154334e+02  2.99498637e+02  4.14978648e+02  5.54523410e+02  6.64666392e+02  6.18201687e+02  7.40992854e+02  1.42257713e+03  1.42257713e+03  6.89192411e+02  5.26053656e+01  2.28604306e+01  7.16981365e+00  3.73461697e+00
-1.97142857e+01  5.34789804e+02  1.37195244e+03  2.73110014e+03  3.15707350e+03  3.15707350e+03  1.76805766e+03  2.78561644e+02  2.68648580e+02  4.14978648e+02  5.34789804e+02  6.41013170e+02  6.41013170e+02  6.41013170e+02  1.27604363e+03  1.42257713e+03  9.90166330e+02  8.42573918e+01  2.64260026e+01  8.91104156e+00  4.64158883e+00
-1.94285714e+01  6.18201687e+02  1.06458830e+03  2.44978135e+03  3.04472397e+03  3.04472397e+03  2.27852496e+03  3.85968816e+02  2.32400727e+02  3.85968816e+02  4.97404357e+02  6.41013170e+02  6.41013170e+02  5.96201987e+02  1.06458830e+03  1.42257713e+03  1.14460390e+03  1.39933838e+02  2.84122094e+01  1.14838057e+01  5.17460218e+00
-1.91428571e+01  7.14623433e+02  7.96686675e+02  2.27852496e+03  3.04472397e+03  3.04472397e+03  2.73110014e+03  5.96201987e+02  2.32400727e+02  3.58986969e+02  4.79703424e+02  6.64666392e+02  6.41013170e+02  6.18201687e+02  8.88173588e+02  1.32312931e+03  1.27604363e+03  2.68648580e+02  3.40556239e+01  1.53454621e+01  5.36554367e+00
-1.88571429e+01  8.56566504e+02  6.64666392e+02  1.90094677e+03  2.93637257e+03  3.04472397e+03  2.83187704e+03  9.54929671e+02  2.40976254e+02  3.22009277e+02  4.46168890e+02  5.96201987e+02  7.14623433e+02  6.18201687e+02  7.68335300e+02  1.23063356e+03  1.32312931e+03  4.62632407e+02  4.38880423e+01  1.90721903e+01  6.43128222e+00
-1.85714286e+01  9.90166330e+02  6.18201687e+02  1.52949956e+03  2.83187704e+03  3.04472397e+03  3.04472397e+03  1.42257713e+03  2.78561644e+02  3.10550059e+02  4.14978648e+02  5.74985182e+02  6.89192411e+02  6.41013170e+02  6.64666392e+02  1.10387133e+03  1.27604363e+03  7.14623433e+02  6.53808622e+01  2.28604306e+01  7.99315379e+00
-1.82857143e+01  1.18683949e+03  6.41013170e+02  1.23063356e+03  2.63390956e+03  2.93637257e+03  3.15707350e+03  1.97109122e+03  3.72233496e+02  2.88840497e+02  4.00210966e+02  5.34789804e+02  6.89192411e+02  6.64666392e+02  6.18201687e+02  1.02670321e+03  1.18683949e+03  8.88173588e+02  1.04719754e+02  2.84122094e+01  1.03009087e+01
-1.80000000e+01  1.42257713e+03  7.14623433e+02  9.54929671e+02  2.36260195e+03  3.15707350e+03  3.15707350e+03  2.44978135e+03  5.34789804e+02  2.68648580e+02  3.72233496e+02  4.97404357e+02  6.64666392e+02  6.64666392e+02  5.96201987e+02  8.56566504e+02  1.10387133e+03  1.06458830e+03  1.80335037e+02  3.40556239e+01  1.32749503e+01
-1.77142857e+01  1.58593770e+03  8.26084209e+02  7.68335300e+02  1.97109122e+03  2.83187704e+03  2.93637257e+03  2.54017766e+03  7.96686675e+02  2.68648580e+02  3.46211841e+02  4.62632407e+02  6.18201687e+02  6.89192411e+02  6.41013170e+02  7.68335300e+02  1.02670321e+03  1.14460390e+03  3.22009277e+02  4.23262158e+01  1.71076467e+01
-1.74285714e+01  1.83329853e+03  9.90166330e+02  7.14623433e+02  1.64445839e+03  2.73110014e+03  2.83187704e+03  2.73110014e+03  1.18683949e+03  3.10550059e+02  3.22009277e+02  4.30291253e+02  5.96201987e+02  6.89192411e+02  6.64666392e+02  6.89192411e+02  9.20946965e+02  1.10387133e+03  4.97404357e+02  5.65592415e+01  2.05056767e+01
-1.71428571e+01  2.11924056e+03  1.18683949e+03  7.40992854e+02  1.32312931e+03  2.44978135e+03  2.73110014e+03  2.83187704e+03  1.76805766e+03  3.85968816e+02  2.99498637e+02  4.00210966e+02  5.54523410e+02  7.14623433e+02  6.64666392e+02  6.18201687e+02  8.56566504e+02  1.02670321e+03  7.14623433e+02  8.73664679e+01  2.64260026e+01
-1.68571429e+01  2.36260195e+03  1.37195244e+03  7.96686675e+02  1.06458830e+03  2.19743999e+03  2.93637257e+03  2.93637257e+03  2.19743999e+03  5.15758450e+02  2.99498637e+02  3.85968816e+02  5.15758450e+02  6.89192411e+02  7.14623433e+02  5.96201987e+02  7.68335300e+02  9.54929671e+02  8.56566504e+02  1.50451416e+02  3.40556239e+01
-1.65714286e+01  2.36260195e+03  1.76805766e+03  9.20946965e+02  9.20946965e+02  1.83329853e+03  2.83187704e+03  2.63390956e+03  2.36260195e+03  7.96686675e+02  3.22009277e+02  3.58986969e+02  4.79703424e+02  6.41013170e+02  6.89192411e+02  6.41013170e+02  6.64666392e+02  8.88173588e+02  8.56566504e+02  2.59088289e+02  3.93673253e+01
-1.62857143e+01  2.54017766e+03  2.04382398e+03  1.10387133e+03  8.26084209e+02  1.52949956e+03  2.44978135e+03  2.54017766e+03  2.54017766e+03  1.14460390e+03  3.46211841e+02  3.33891336e+02  4.46168890e+02  6.18201687e+02  7.14623433e+02  6.41013170e+02  6.41013170e+02  7.96686675e+02  8.26084209e+02  4.00210966e+02  5.45464900e+01
-1.60000000e+01  2.73110014e+03  2.11924056e+03  1.27604363e+03  8.56566504e+02  1.32312931e+03  2.19743999e+03  2.73110014e+03  2.54017766e+03  1.52949956e+03  4.14978648e+02  3.33891336e+02  4.00210966e+02  5.74985182e+02  6.89192411e+02  6.64666392e+02  5.96201987e+02  6.89192411e+02  7.96686675e+02  5.74985182e+02  8.12589572e+01
-1.57142857e+01  2.93637257e+03  2.36260195e+03  1.64445839e+03  9.90166330e+02  1.10387133e+03  1.97109122e+03  2.54017766e+03  2.54017766e+03  1.90094677e+03  5.74985182e+02  3.22009277e+02  3.72233496e+02  5.15758450e+02  6.41013170e+02  6.89192411e+02  5.96201987e+02  6.41013170e+02  7.40992854e+02  6.41013170e+02  1.39933838e+02
-1.54285714e+01  2.73110014e+03  2.54017766e+03  1.90094677e+03  1.06458830e+03  9.90166330e+02  1.76805766e+03  2.44978135e+03  2.54017766e+03  2.11924056e+03  7.96686675e+02  3.46211841e+02  3.72233496e+02  4.46168890e+02  6.18201687e+02  6.89192411e+02  6.41013170e+02  5.96201987e+02  6.89192411e+02  7.14623433e+02  2.16154334e+02
-1.51428571e+01  2.93637257e+03  2.73110014e+03  2.19743999e+03  1.37195244e+03  9.54929671e+02  1.47506986e+03  2.19743999e+03  2.44978135e+03  2.19743999e+03  1.18683949e+03  4.00210966e+02  3.46211841e+02  4.30291253e+02  5.74985182e+02  6.64666392e+02  6.41013170e+02  5.96201987e+02  6.41013170e+02  6.89192411e+02  3.46211841e+02
-1.48571429e+01  2.93637257e+03  2.83187704e+03  2.44978135e+03  1.58593770e+03  1.02670321e+03  1.32312931e+03  1.90094677e+03  2.27852496e+03  2.27852496e+03  1.47506986e+03  4.79703424e+02  3.46211841e+02  4.00210966e+02  5.15758450e+02  6.89192411e+02  6.64666392e+02  5.54523410e+02  5.74985182e+02  6.41013170e+02  4.46168890e+02
-1.45714286e+01  2.63390956e+03  3.04472397e+03  2.63390956e+03  1.90094677e+03  1.18683949e+03  1.18683949e+03  1.70513849e+03  2.19743999e+03  2.19743999e+03  1.76805766e+03  6.89192411e+02  3.72233496e+02  3.58986969e+02  4.79703424e+02  6.41013170e+02  6.64666392e+02  5.96201987e+02  5.54523410e+02  5.54523410e+02  5.15758450e+02
-1.42857143e+01  2.63390956e+03  2.93637257e+03  2.83187704e+03  2.11924056e+03  1.42257713e+03  1.10387133e+03  1.52949956e+03  2.04382398e+03  2.11924056e+03  1.90094677e+03  8.88173588e+02  4.00210966e+02  3.58986969e+02  4.30291253e+02  5.96201987e+02  6.41013170e+02  6.18201687e+02  5.15758450e+02  5.15758450e+02  5.15758450e+02
-1.40000000e+01  2.73110014e+03  2.93637257e+03  3.04472397e+03  2.36260195e+03  1.64445839e+03  1.18683949e+03  1.32312931e+03  1.83329853e+03  1.97109122e+03  1.90094677e+03  1.23063356e+03  4.62632407e+02  3.72233496e+02  3.85968816e+02  5.34789804e+02  6.41013170e+02  6.18201687e+02  5.34789804e+02  5.15758450e+02  4.97404357e+02
-1.37142857e+01  2.19743999e+03  2.63390956e+03  2.83187704e+03  2.54017766e+03  1.97109122e+03  1.27604363e+03  1.18683949e+03  1.64445839e+03  1.90094677e+03  1.90094677e+03  1.42257713e+03  5.74985182e+02  3.85968816e+02  3.72233496e+02  4.97404357e+02  5.96201987e+02  6.18201687e+02  5.54523410e+02  4.79703424e+02  4.62632407e+02
-1.34285714e+01  2.11924056e+03  2.54017766e+03  3.15707350e+03  2.73110014e+03  2.19743999e+03  1.52949956e+03  1.23063356e+03  1.47506986e+03  1.76805766e+03  1.76805766e+03  1.58593770e+03  7.68335300e+02  4.14978648e+02  3.72233496e+02  4.46168890e+02  5.54523410e+02  6.41013170e+02  5.96201987e+02  4.62632407e+02  4.30291253e+02
-1.31428571e+01  1.83329853e+03  2.63390956e+03  2.73110014e+03  2.93637257e+03  2.44978135e+03  1.64445839e+03  1.32312931e+03  1.37195244e+03  1.70513849e+03  1.70513849e+03  1.58593770e+03  9.54929671e+02  4.62632407e+02  3.72233496e+02  4.00210966e+02  4.97404357e+02  5.96201987e+02  5.96201987e+02  4.79703424e+02  4.14978648e+02
-1.28571429e+01  1.64445839e+03  2.44978135e+03  2.83187704e+03  2.73110014e+03  2.63390956e+03  1.90094677e+03  1.47506986e+03  1.27604363e+03  1.52949956e+03  1.58593770e+03  1.58593770e+03  1.23063356e+03  5.96201987e+02  3.85968816e+02  3.85968816e+02  4.79703424e+02  5.96201987e+02  6.18201687e+02  4.97404357e+02  4.14978648e+02
-1.25714286e+01  1.70513849e+03  2.04382398e+03  2.44978135e+03  2.73110014e+03  2.83187704e+03  2.19743999e+03  1.64445839e+03  1.32312931e+03  1.37195244e+03  1.47506986e+03  1.47506986e+03  1.32312931e+03  7.14623433e+02  4.46168890e+02  3.72233496e+02  4.30291253e+02  5.34789804e+02  6.18201687e+02  5.54523410e+02  4.46168890e+02
-1.22857143e+01  1.83329853e+03  1.76805766e+03  2.54017766e+03  2.73110014e+03  2.73110014e+03  2.36260195e+03  1.70513849e+03  1.32312931e+03  1.27604363e+03  1.42257713e+03  1.37195244e+03  1.32312931e+03  9.20946965e+02  4.97404357e+02  4.00210966e+02  4.14978648e+02  4.79703424e+02  5.54523410e+02  5.74985182e+02  4.62632407e+02
-1.20000000e+01  2.19743999e+03  1.83329853e+03  2.04382398e+03  2.54017766e+03  2.54017766e+03  2.54017766e+03  1.97109122e+03  1.47506986e+03  1.23063356e+03  1.27604363e+03  1.42257713e+03  1.27604363e+03  1.02670321e+03  5.74985182e+02  4.14978648e+02  4.00210966e+02  4.62632407e+02  5.54523410e+02  5.74985182e+02  4.79703424e+02
-1.17142857e+01  2.73110014e+03  1.97109122e+03  1.97109122e+03  2.19743999e+03  2.54017766e+03  2.44978135e+03  2.27852496e+03  1.64445839e+03  1.27604363e+03  1.18683949e+03  1.23063356e+03  1.32312931e+03  1.10387133e+03  7.14623433e+02  4.46168890e+02  3.85968816e+02  4.46168890e+02  4.97404357e+02  5.54523410e+02  4.97404357e+02
-1.14285714e+01  3.51961365e+03  2.11924056e+03  1.76805766e+03  1.97109122e+03  2.27852496e+03  2.27852496e+03  2.44978135e+03  1.90094677e+03  1.47506986e+03  1.23063356e+03  1.18683949e+03  1.23063356e+03  1.18683949e+03  8.26084209e+02  5.34789804e+02  3.85968816e+02  4.14978648e+02  4.79703424e+02  5.15758450e+02  5.54523410e+02
-1.11428571e+01  5.84533934e+03  2.93637257e+03  1.90094677e+03  1.90094677e+03  1.90094677e+03  2.19743999e+03  2.36260195e+03  1.97109122e+03  1.64445839e+03  1.18683949e+03  1.06458830e+03  1.14460390e+03  1.14460390e+03  9.90166330e+02  5.96201987e+02  4.30291253e+02  4.00210966e+02  4.14978648e+02  4.97404357e+02  5.54523410e+02
-1.08571429e+01  1.00660998e+04  4.21870179e+03  2.54017766e+03  1.97109122e+03  1.97109122e+03  1.97109122e+03  2.27852496e+03  2.19743999e+03  1.76805766e+03  1.37195244e+03  1.10387133e+03  1.10387133e+03  1.10387133e+03  1.02670321e+03  7.40992854e+02  4.62632407e+02  3.85968816e+02  4.30291253e+02  4.79703424e+02  4.97404357e+02
-1.05714286e+01  2.40183757e+04  8.09917214e+03  3.27356870e+03  1.97109122e+03  1.97109122e+03  1.90094677e+03  1.90094677e+03  2.11924056e+03  1.83329853e+03  1.42257713e+03  1.18683949e+03  9.90166330e+02  1.02670321e+03  9.90166330e+02  8.26084209e+02  5.54523410e+02  4.30291253e+02  4.00210966e+02  4.46168890e+02  4.79703424e+02
-1.02857143e+01  5.52699753e+04  1.55489989e+04  5.24323626e+03  2.83187704e+03  1.76805766e+03  1.70513849e+03  1.97109122e+03  2.04382398e+03  1.83329853e+03  1.52949956e+03  1.27604363e+03  1.02670321e+03  9.90166330e+02  1.06458830e+03  9.54929671e+02  6.18201687e+02  4.46168890e+02  3.85968816e+02  4.14978648e+02  4.46168890e+02
-1.00000000e+01  1.41789871e+05  3.57806371e+04  1.00660998e+04  3.92378582e+03  2.11924056e+03  1.70513849e+03  1.64445839e+03  1.76805766e+03  1.83329853e+03  1.64445839e+03  1.32312931e+03  9.54929671e+02  9.54929671e+02  1.02670321e+03  9.90166330e+02  7.68335300e+02  5.34789804e+02  4.30291253e+02  4.00210966e+02  4.30291253e+02
-9.71428571e+00  3.50803872e+05  8.85252657e+04  2.67765077e+04  7.53298488e+03  3.39436254e+03  1.97109122e+03  1.52949956e+03  1.58593770e+03  1.76805766e+03  1.70513849e+03  1.32312931e+03  1.02670321e+03  8.56566504e+02  9.90166330e+02  9.90166330e+02  9.20946965e+02  6.64666392e+02  4.79703424e+02  4.14978648e+02  4.00210966e+02
-9.42857143e+00  6.26401295e+05  2.27103159e+05  6.62480508e+04  1.67176784e+04  6.51658446e+03  2.63390956e+03  1.90094677e+03  1.58593770e+03  1.58593770e+03  1.70513849e+03  1.42257713e+03  1.23063356e+03  9.20946965e+02  9.90166330e+02  1.10387133e+03  1.02670321e+03  7.40992854e+02  5.34789804e+02  4.14978648e+02  4.14978648e+02
-9.14285714e+00  8.99954007e+05  4.35998483e+05  1.41789871e+05  3.98894795e+04  1.20654928e+04  4.70315322e+03  2.36260195e+03  1.64445839e+03  1.52949956e+03  1.52949956e+03  1.52949956e+03  1.27604363e+03  9.90166330e+02  8.88173588e+02  1.10387133e+03  1.23063356e+03  9.90166330e+02  6.64666392e+02  4.79703424e+02  4.00210966e+02
-8.85714286e+00  7.78526227e+05  6.98333614e+05  3.50803872e+05  1.06108719e+05  2.98513677e+04  1.04375363e+04  4.21870179e+03  2.27852496e+03  1.64445839e+03  1.42257713e+03  1.37195244e+03  1.23063356e+03  1.06458830e+03  9.20946965e+02  1.10387133e+03  1.32312931e+03  1.27604363e+03  8.88173588e+02  5.96201987e+02  4.46168890e+02
-8.57142857e+00  7.24101945e+05  8.99954007e+05  6.26401295e+05  2.19021329e+05  7.94066617e+04  2.58236227e+04  7.81095009e+03  3.27356870e+03  1.90094677e+03  1.52949956e+03  1.47506986e+03  1.32312931e+03  1.23063356e+03  1.02670321e+03  9.90166330e+02  1.37195244e+03  1.52949956e+03  1.27604363e+03  7.96686675e+02  5.34789804e+02
-8.28571429e+00  5.22599287e+05  9.33162078e+05  9.33162078e+05  5.22599287e+05  1.69953081e+05  5.94241261e+04  1.93251571e+04  7.00637797e+03  3.15707350e+03  1.90094677e+03  1.58593770e+03  1.32312931e+03  1.23063356e+03  1.10387133e+03  1.06458830e+03  1.42257713e+03  2.04382398e+03  1.90094677e+03  1.23063356e+03  7.40992854e+02
-8.00000000e+00  5.04001752e+05  8.67927698e+05  1.04032104e+06  8.37041096e+05  4.20482777e+05  1.58072204e+05  5.33031044e+04  1.79741971e+04  6.51658446e+03  3.04472397e+03  1.97109122e+03  1.42257713e+03  1.27604363e+03  1.14460390e+03  1.14460390e+03  1.47506986e+03  2.27852496e+03  2.54017766e+03  1.97109122e+03  1.14460390e+03