   0.0000000000000000        4.0999999999999996        4.1315789473684204        4.1631578947368419        4.1947368421052627        4.2263157894736842        4.2578947368421050        4.2894736842105265        4.3210526315789473        4.3526315789473680        4.3842105263157896        4.4157894736842103        4.4473684210526319        4.4789473684210526        4.5105263157894733        4.5421052631578949        4.5736842105263156        4.6052631578947372        4.6368421052631579        4.6684210526315795        4.7000000000000002     
  -22.000000000000000        369.59390454938921        483.18278252905986        584.09696253035111        599.48371770601409        166.33073278401409        86.167538543233746        170.62753847689592        220.01397861666570        259.53508500163423        263.83325987906966        290.50927917591514        619.72929871244139        758.42453889985609        724.06115768053849        214.05540867420947        39.746066883002108        18.141515609604152        7.4383048526288480        1.2995578237303962       0.11055228781587088     
  -21.714285714285715        357.52089650268817        482.99289590259696        585.66989065738289        640.70230159906771        249.48943782675414        88.090387875400367        163.67551650982097        221.75832694092065        264.75528845657772        285.71286936788056        284.26752435333731        564.97988824905667        755.60171213912702        752.31699806390986        321.42884903039925        48.612662412587142        24.163232232842208        8.9095044748835956        2.1954398871044520       0.19787743172781799     
  -21.428571428571427        336.93005064986681        482.06495306876360        586.95777513988503        664.53305708812627        360.59845661747983        96.765378305337634        153.48008097241666        223.47188298166512        270.04851559501253        302.75709736896994        287.55037028510191        505.28141883358063        749.34116705187967        767.86324209374698        445.29237568013252        64.123231414369982        30.673492335823379        10.725743155835829        3.5495668023630547       0.34442844933754846     
  -21.142857142857142        305.33292043191830        479.91064989578712        588.16835611119598        677.74376749646694        483.34678077062188        115.88707088973771        142.55214126220551        224.95487598709892        274.85759910005942        314.73504924686858        299.52810840615115        452.76688752130360        737.55379792751535        776.04935939851316        561.67931922778575        91.671887966330601        36.888677842113324        13.380235250651044        5.3454132033797714       0.58864745420965570     
  -20.857142857142858        264.04665460292608        475.58862910959806        589.23213343798693        685.03181236688522        593.55891720451723        151.91532741290942        134.13216777817641        225.25485442944569        278.68747476419514        323.26017144189979        319.11463107746903        415.27299942075052        717.17536035157025        779.92798789081075        651.71482445147478        138.81408212139476        42.901752755431197        17.466976447991897        7.3996258497249077        1.0014486524458430     
  -20.571428571428573        220.57696181807756        467.37782489007304        589.89522432142530        689.25816286810618        675.58533076907986        213.60894498495006        130.65346151554638        222.86453858469690        281.56848000751575        330.22819347930067        343.05792279757225        393.67613366646742        685.29207416282770        780.94828822819295        711.45467831150506        213.25835578262851        49.963139365397367        23.401479001276460        9.5211405539915148        1.7026419896212732     
  -20.285714285714285        184.94695367236443        452.51399244772028        589.83741400228394        692.07509720909275        728.54997843824935        308.06658090492556        133.86773551658808        216.68493887521072        283.89830472421335        336.89252066195837        366.32672464940475        385.45090624758291        642.07411495601821        779.46854831487781        747.19242170723044        316.62306828962136        60.495780774939497        30.952861532211788        11.759033318827507        2.8567952327153279     
  -20.000000000000000        162.04192063276116        427.42767286380683        588.65481743076884        694.37574428372932        759.76773254040245        432.07851319871492        146.34576421920818        207.26338960630520        285.99078903867428        343.45743450862437        385.13876680917906        388.28525312162208        593.65425852989324        774.95043330793362        767.27938812838033        436.88581918045480        78.407082021665829        39.138043990716554        14.498878127272940        4.6140927782623242     
  -19.714285714285715        149.95989898551386        389.72234417291702        585.66570388348816        696.49594405304708        777.34751958295124        566.20306918387587        173.01294452504402        197.26471387218072        287.61829209344120        349.32365140250994        398.85682683799956        400.85158541983691        550.08778567126183        765.97450727745695        778.12496837240190        550.93404140237999        109.60490644320650        47.042085518644612        18.399222355275725        6.9851865006541027     
  -19.428571428571427        144.30320798389155        342.03357296622073        579.55651467991709        698.30097710072573        787.26874683541030        684.13872124801492        221.82574063708404        190.37902629568688        287.77565072879895        353.93210011406347        409.02624010066967        421.29727434752982        518.84286052995583        750.45320706071743        783.65634500544229        639.88977431782087        161.75396309534284        54.878037727063322        24.183259010698489        9.7798633249406741     
  -19.142857142857142        141.75547013149219        293.90345127131440        568.00066888388392        699.38329630682983        793.29411142893889        770.46300144824545        302.04908919664155        189.84220547120697        285.09527026214425        357.31947303669676        417.59242618947047        445.59076475922950        501.71834654351562        726.71539082371953        785.94711581486263        699.30925267016312        241.27495808893218        64.343599065617212        32.173480851232270        12.805873448692303     
  -18.857142857142858        140.58942967358277        256.16546039847151        547.55276631181289        699.25962403908682        797.61159576311434        825.64319745701323        417.64348133879776        198.64141874955578        278.98191168179329        359.90148342811221        425.70440168930520        468.54069551499526        497.31977989333251        695.79324055309178        785.85764375289511        735.08245443744761        346.33662662189653        78.630817397836992        41.770829185443674        16.199988440498569     
  -18.571428571428573        140.03734993409267        232.68967786186522        514.64609361893247        697.31591525626675        801.32930890270973        858.12907570028574        557.60484255845995        221.18166420386885        270.76857155600169        361.90862818416286        433.29191461787394        486.92376768057358        504.00414893504461        663.01083103773271        783.40621928829330        755.39663789073086        461.34558699831445        102.68122782611565        51.710081955374307        20.551063718785930     
  -18.285714285714285        139.77167546164020        220.39008837262097        468.91347244980733        692.47804641938205        804.67690447619611        876.70487106147107        695.76678753247870        264.72393511386377        263.83473757346178        362.94876009565178        439.60228451961899        500.72291700446584        520.17581566885792        635.64075147802816        778.00018540782912        766.66634494582797        563.86130491357835        143.29795430911858        61.330956772453192        26.720708240409362     
  -18.000000000000000        139.65157152349352        214.48945381583027        417.07577924718998        682.76839583447190        807.26483068955133        887.74100036292168        807.36549202051754        338.72286473163842        262.37610002437759        362.07411822131235        444.19621426072200        511.68891628040882        542.72852439404903        618.43427539416450        768.85017718824270        772.95797155950481        639.81458707246315        207.54261568887662        71.619481356802041        35.353384256099901     
  -17.714285714285715        139.61838780240848        211.71163333867111        371.09432740713532        664.98544425680655        808.47487764912978        895.21549882029126        883.95505531762751        449.46690257764692        270.52949292775986        358.58779167993526        447.28223921376036        521.45819095768081        566.64069550907755        612.47709806237867        755.92555874827769        776.64202411911219        688.85407870241079        297.49108256361598        85.368218238287682        46.183732803685473     
  -17.428571428571431        139.65546475879896        210.38482018433629        339.22548103777189        635.58098579788350        807.63797864678031        901.29719273312492        931.12441508615973        590.05630762012595        293.28969698925198        353.22357435440654        449.27284851728831        530.46357552676363        587.47944723554212        617.17027231736608        741.14586227720986        779.09975007728713        718.00721143495548        403.44754141722512        107.14748213477195        57.924982711440627     
  -17.142857142857142        139.77413110175988        209.74722441697114        321.07021409592653        593.32616785156802        803.79273374790012        906.74620911655688        958.80563913452681        736.26228030388836        338.04047049150483        348.82015915739328        450.26111699892351        538.03166906682748        603.84434574021145        631.36782003357541        728.25355020038398        781.20562873849826        734.89695311377488        505.35870227297772        143.25191345521455        69.469195014137838     
  -16.857142857142858        140.00841169453679        209.46268461658164        311.88876301570394        543.52657900031181        795.19817559408602        911.25912828068965        975.46470507033791        860.17178518192418        414.10909313504516        349.79144283529786        449.93861403390633        543.44158530473601        616.86256237212103        652.48333841643432        720.81312347933044        783.60799740101857        745.18798608967040        585.96405373564278        200.34321151235849        81.371207607533975     
  -16.571428571428569        140.40502920150092        209.39111501580174        307.44384375257090        497.50325965021665        779.02520418600091        914.11216860667923        986.77378838787581        948.49717477683839        527.32309360274542        361.23415201541923        448.14404118218016        546.67646227245962        628.13029314591574        675.92714297634791        720.75447881057778        786.82855102757833        752.68158508483452        640.61509919752052        280.91458616544986        96.301436165722166     
  -16.285714285714285        140.99362937912565        209.49474292296517        305.30153868449150        464.39604133564495        752.22859481929061        914.58079766596950        995.91736812095712        1004.4692087200854        669.89827390863877        389.28368327976295        445.82764146927803        548.23684366648160        638.17081367537014        697.20388684546617        728.74608246950788        791.24106508207842        760.12180518293178        674.34920237415417        377.02443006064084        118.85786708752771     
  -16.000000000000000        141.73483639871102        209.80463237335047        304.28836113813503        444.97090538949101        714.44183110104598        911.81325959396383        1004.0607208684812        1038.2090943361679        816.87698650560969        442.09609260525650        445.80368081453656        548.67954398384279        646.29231660738799        714.51935355368687        744.48374909315544        797.13649695685706        769.85772466252070        694.78569864097517        470.82641550728385        155.13967059374133     
  -15.714285714285715        142.48184952068320        210.40796839410987        303.88069116480602        434.94162379160116        671.24882794642929        904.34113966031055        1010.9109311260153        1059.2890283196241        940.55652321448258        528.44744726017166        452.67001548928920        548.49852387748115        651.67972348301873        728.62616522712472        765.80988320900440        805.02914888199007        783.96762842067687        708.40771670143658        546.12265041997762        210.93050826229768     
  -15.428571428571429        143.02880019473403        211.42619082082615        303.87587641551994        430.03684593448185        632.93058453996105        889.98637760515510        1015.7136401648025        1074.3367870087802        1028.5220775443925        650.79805923014555        472.34908522575995        548.45589675387635        654.32766867545160        740.77078725164063        788.59945050872852        815.94802217793415        803.49435669285879        720.12570626857121        598.01995155883776        286.99338705887249     
  -15.142857142857142        143.30235474777524        212.95799601819530        304.25400282667607        427.70083716226395        606.52587574181575        867.03550323546165        1017.8785511038062        1086.9875668447553        1084.7597937307742        795.76196802602146        512.26494062056179        550.25853506147655        655.03975674564003        751.10380217816203        809.08202800240929        831.16306798790913        827.24251558643198        734.01475351478757        630.97247870224624        374.02759534712504     
  -14.857142857142858        143.57073329918225        214.99393087322196        305.12976111002496        426.69316152734450        591.59364221385670        837.15711040520353        1016.9038833159095        1098.3045938895698        1119.8095251425677        935.81914958384175        581.11393153784365        557.22502419010232        655.09209553846256        758.74073566636253        826.04841236760797        850.99269455474985        852.11297403807851        753.87083514489291        652.35845751195654        455.48102260130145     
  -14.571428571428571        144.39252337159314        217.36942477258600        306.72693893201421        426.49622765142703        584.10743877411562        806.79227666551230        1011.9948708119781        1107.8779108904405        1143.4046692325462        1047.3614584048530        684.90101661279630        574.51618933299369        656.03828564146136        763.03873966293486        840.24311884034000        873.53475061731012        875.71246168403559        782.65711629480450        668.97114220357776        518.84159825697895     
  -14.285714285714285        146.35871980407970        219.86207107205368        309.31950469875443        426.98911115347818        580.59202116017286        783.45204221639176        1002.3334246209797        1115.2131665441395        1161.9840799638462        1124.2758007408142        818.06106751215736        609.09082692420748        659.76272490831161        764.50908382105217        852.31708731431911        895.41198169034556        898.20183709903290        820.42830766028658        686.60650066874734        562.22748836630524     
  -14.000000000000000        149.93684976430933        222.44577632579964        313.10992889029370        428.32003473793327        579.13744930466953        769.63162616810621        988.58178379153992        1120.4105750088563        1178.5609966861439        1173.9639214376768        958.71096019980621        669.25104169725091        668.95308539319865        764.82725084009110        861.77816508041644        914.35182360407885        921.12136266350876        862.74282400306492        710.61898031905503        591.07276154508213     
  -13.714285714285714        155.38887453661320        225.45598014556944        318.08867356134624        430.85955240690259        578.93798992062534        762.91250505196069        974.29187839701956        1123.9909721640311        1193.5814651176756        1207.3786757994365        1080.4109335408637        761.65935888111233        687.83278053721449        766.43399256781186        867.78048368534508        930.24456870803215        944.84710960505595        903.18984266879465        745.67019597304841        612.78643304957200     
  -13.428571428571429        162.71569777247979        229.50350862276096        324.00355461361102        435.13075418122065        579.83284968174053        760.12703994469280        964.10410281391626        1126.7597709044901        1206.8703260515151        1233.2111715634010        1170.0525303454297        883.84126170484342        722.64453767022314        772.04113788382381        870.54844575245147        943.71316064744019        967.71944909835236        938.31963188368104        793.46844724432947        634.47523138280940     
  -13.142857142857142        171.91267716388106        235.31260722461275        330.56863214670335        441.64182648558597        582.10217308839310        759.38840992400606        959.74927389071308        1130.1036011052554        1219.0965034436642        1256.2785208941068        1230.9026264292031        1018.0826330118070        781.13008159188018        784.53721188425493        871.96091696224050        954.59079128293843        987.87325804751788        968.77805814392229        849.76441725700613        662.83334312600641     
  -12.857142857142858        183.44657952642106        243.55914503716443        337.79764071931521        450.63480686955165        586.40108087454792        760.03482180267065        959.41526476986553        1136.0320646203822        1232.1700913680604        1278.0023006830852        1273.5490310873311        1139.3995496105524        869.38333493632081        807.69114777039249        875.19666027058952        962.19471032757906        1004.9773046612592        996.22141845570422        905.60207969608905        703.78812955858768     
  -12.571428571428571        198.06769609191144        254.80463108108151        346.22424835562140        461.90483468145436        593.67036283164157        762.19426684033635        960.82006581276380        1145.6267710564798        1248.7359120016363        1298.7896927463712        1307.8339155927567        1233.0399672041158        984.91841650624644        847.08128540126438        883.87133631320103        966.83757852273095        1019.5931650252577        1020.8422456504052        953.86390234781720        760.00223021064585     
  -12.285714285714286        216.32416399803461        269.84232545371708        356.95934754225721        474.96002765022274        604.89400615388763        766.59124699996983        963.01300474765435        1157.3204281404921        1271.3858696406433        1320.2202131864963        1339.6075568053880        1300.6024976820702        1111.5677069203582        909.64597084543334        901.44862213152624        970.76536350009712        1031.7928336683740        1042.0907194109816        993.20689043365110        827.12028389842135     
  -12.000000000000000        239.03811574240856        290.28955281964352        371.58486249442433        489.60262406445429        620.69717626240754        774.51088479180135        966.25526474552794        1168.3144129162285        1300.7315519314536        1345.9004805409099        1370.8070469368877        1352.3554379331583        1227.4076089996151        999.96614874745921        931.76542726446360        977.84524565823585        1041.3266889572669        1060.2512905532365        1025.5287429858911        894.47116199361983     
  -11.714285714285714        269.60267586171352        318.52425455025730        392.21216564677246        506.68764857896991        641.03061956830743        787.69419930415552        971.63098898790884        1177.3199744024671        1333.4994666123039        1380.4027654402184        1402.4978030007039        1398.4564645776732        1320.8495171196907        1113.6393314302290        980.11241000833002        992.46422176151441        1049.1128478539724        1076.1845293000138        1052.4596830398343        952.59214278218417     
  -11.428571428571429        316.45435124268249        358.23824242834752        422.29453963670539        528.71705677916896        665.49050420502238        807.98566499888534        980.98819481192629        1185.1769537919081        1364.0316554615822        1426.6465232409414        1437.7081894385349        1444.3439386436698        1395.6614612787123        1235.0387858404008        1052.5065676751685        1018.7409545543244        1058.1593664077311        1090.3928313093309        1075.0710276681223        998.77883046474744     
  -11.142857142857142        396.74004239364325        417.03265836222585        467.60543045045989        560.17806904497934        694.63156202179653        836.78621028357270        997.03048784336261        1194.0562423758488        1388.5335105729760        1482.2328993096839        1482.1891117414232        1491.4357619258142        1462.9436350446279        1347.7798433854759        1151.2823147163253        1061.0851322258493        1073.1183648457925        1103.5022294925336        1094.8372304167794        1035.0137013491719     
  -10.857142857142858        543.13695211740060        511.81290346344218        537.99652799053206        608.61597086853749        731.93375906437473        874.91580763631748        1023.2435866242633        1207.1342232151280        1407.5709500145920        1538.4747944721071        1541.7396509631794        1541.3958915855915        1531.8354978134109        1448.2629956588016        1270.0009403506174        1125.1792957336675        1099.1554276663337        1117.6838752251185        1113.4070101729869        1064.1392059387422     
  -10.571428571428571        819.07078928572571        676.36405591517610        651.53065561294522        686.94480108571463        785.71801233421002        924.06203179465933        1063.5224305308564        1228.8567996346681        1425.0164891419274        1586.9081814966110        1617.0118976788394        1599.3741051990764        1604.9382976525408        1545.8401093315540        1396.6118031127789        1216.4988845152443        1141.5026039980833        1137.2402380604092        1132.3053875576375        1088.9805785075266     
  -10.285714285714286        1345.7924300234215        975.73509261429251        844.26281414747666        817.74289319297191        871.73526867295686        990.43617079231115        1122.0032698380774        1265.3916828159709        1446.6439228370809        1625.4660611685069        1699.6921115684145        1673.1455058522649        1681.4264676237301        1652.3011853083194        1526.3431064355605        1336.1936195461076        1206.4597288976288        1168.0968448894821        1153.9001631627243        1112.6282349778496     
  -10.000000000000000        2354.2273696605353        1535.3790649708142        1184.9530331648493        1042.4204169382849        1017.9674943146027        1089.8878067604551        1204.8667791100902        1324.9652773809389        1480.3465230038632        1659.2528003424961        1776.8947912869444        1766.9603998134960        1763.8060719925325        1771.1842878371685        1668.6479207896036        1481.0168572026887        1302.1110113620553        1217.3194901957042        1182.5925292289976        1138.3171119482868     
  -9.7142857142857135        4278.9327717661190        2598.9319655922104        1806.2359053342511        1438.9536823690637        1274.4148199262627        1254.8637423567041        1326.3756708252192        1418.5929138467818        1537.3999034629417        1698.2666558467208        1842.9031912518822        1875.2437854079024        1860.0486722420944        1897.3248915332931        1838.0115944942968        1652.9949398430570        1436.7908256046890        1293.9484292877626        1225.2739225564135        1169.9646557941621     
  -9.4285714285714288        7920.6810586745805        4627.8621343341983        2962.3314298538762        2152.0457050659143        1732.6552873098401        1545.3592197055959        1519.5681742252154        1563.6524418088309        1634.4017773153412        1756.9102024488184        1903.6899093775885        1984.1229991740997        1977.8114733715029        2026.9370049709271        2038.2977628088161        1868.0768105202483        1619.2934702729810        1411.0464336385546        1291.8549790810357        1213.5233861080853     
  -9.1428571428571423        14697.728137200911        8484.5523246462490        5147.6252285148903        3456.6989987561533        2561.5908434014136        2070.3309020575380        1852.7804187234233        1794.7563515864640        1796.6812843823052        1856.7199574287413        1975.8437348053378        2085.9810053007254        2115.4644938009410        2165.2110892009014        2255.7611221062980        2146.7679540896147        1866.7493847568073        1587.2597821920792        1397.0954700523509        1278.4523460974021     
  -8.8571428571428577        26942.321704029586        15733.254921167596        9295.0410250145942        5876.7365475128481        4069.0413361631936        3029.4852556646106        2454.9826139470292        2184.9770385435036        2067.0525627224379        2031.6686268502128        2086.1129308470072        2190.3640221644164        2262.7874393302868        2322.8577574340038        2474.0697731809464        2491.1282538626301        2211.2357663330986        1849.7532168605919        1564.4279264460956        1380.1506682446793     
  -8.5714285714285712        47990.888736851201        29061.748639258862        17124.669123544307        10425.846310722580        6833.0976688065302        4787.2691230361897        3562.5066028495148        2882.1694075367145        2527.8494176692011        2338.0215570462988        2277.2177785574700        2326.1928135864146        2415.9237643217571        2504.7508611599947        2691.4066878530216        2870.7050244383358        2683.8888349154749        2242.0166201275779        1831.2583817696811        1544.5939222152488     
  -8.2857142857142865        81477.905390673695        52641.582049271696        31671.443899479495        18996.605103599195        11944.918714856578        8000.1870259889638        5607.8717482319234        4164.3213954787770        3343.8596822175955        2875.8445323449168        2620.6034142863737        2545.3644583691043        2597.1294180025316        2710.4549695689711        2922.1342048545935        3246.7234876679968        3278.9951432636549        2823.6867263700633        2256.2793686873729        1815.9257612297308     
  -8.0000000000000000        129365.07868058949        91809.331582571263        57882.529401377404        34992.929992309080        21490.504011549096        13890.409139537407        9373.5612614158854        6547.8354960772867        4840.1417110702578        3835.4474586999268        3241.2118607611928        2935.7814323317566        2862.9739150324813        2953.1075001950517        3183.6191424437693        3605.7074376931973        3933.4215065755079        3639.4447497031683        2926.6089865168037        2267.1942110373998     
