TABLE #  8     $G&N'93 Solar$     X=0.0000 Y=0.9800 Z=0.0200 dXc=0.0000 dXo=0.0000

                                                  log R

logT  -8.0   -7.5   -7.0   -6.5   -6.0   -5.5   -5.0   -4.5   -4.0   -3.5   -3.0   -2.5   -2.0   -1.5   -1.0   -0.5    0.0    0.5    1.0

3.75  9.999  9.999  9.999 -3.233 -3.313 -3.392 -3.471 -3.549 -3.607 -3.636 -3.643 -3.620 -3.548 -3.382 -3.117 -2.735 -2.280 -1.806 -1.346
3.80  9.999  9.999  9.999 -3.298 -3.269 -3.260 -3.274 -3.308 -3.358 -3.419 -3.444 -3.386 -3.247 -3.029 -2.787 -2.515 -2.129 -1.687 -1.120
3.85  9.999  9.999  9.999 -3.234 -3.224 -3.215 -3.207 -3.200 -3.198 -3.190 -3.189 -3.146 -3.008 -2.753 -2.446 -2.125 -1.878 -1.468 -1.049
3.90  9.999  9.999  9.999 -2.887 -3.009 -3.092 -3.134 -3.140 -3.125 -3.093 -3.015 -2.902 -2.729 -2.483 -2.176 -1.834 -1.475 -1.208 -0.795
3.95  9.999 -1.716 -1.960 -2.186 -2.392 -2.585 -2.750 -2.882 -2.959 -2.973 -2.908 -2.740 -2.498 -2.200 -1.878 -1.543 -1.191 -0.851 -0.481
4.00 -1.067 -1.202 -1.358 -1.543 -1.736 -1.936 -2.125 -2.299 -2.452 -2.555 -2.598 -2.525 -2.326 -2.022 -1.672 -1.309 -0.948 -0.595 -0.241
4.05 -0.990 -0.991 -1.026 -1.099 -1.211 -1.354 -1.500 -1.635 -1.755 -1.837 -1.886 -1.866 -1.775 -1.596 -1.332 -1.003 -0.645 -0.287  0.069
4.10 -0.962 -0.957 -0.953 -0.950 -0.955 -0.972 -1.001 -1.036 -1.063 -1.074 -1.066 -1.031 -0.970 -0.869 -0.723 -0.520 -0.261  0.052  0.401
4.15 -0.957 -0.942 -0.927 -0.911 -0.887 -0.839 -0.753 -0.640 -0.525 -0.428 -0.346 -0.268 -0.191 -0.097  0.013  0.155  0.335  0.562  0.834
4.20 -0.961 -0.949 -0.931 -0.906 -0.870 -0.812 -0.700 -0.513 -0.271 -0.031  0.171  0.323  0.451  0.570  0.692  0.829  0.984  1.153  1.340
4.25 -0.954 -0.947 -0.932 -0.909 -0.871 -0.805 -0.686 -0.496 -0.226  0.100  0.423  0.699  0.913  1.084  1.245  1.402  1.547  1.694  1.865
4.30 -0.935 -0.931 -0.921 -0.904 -0.873 -0.816 -0.703 -0.509 -0.241  0.095  0.478  0.855  1.179  1.437  1.635  1.812  1.976  2.134  2.289
4.35 -0.863 -0.887 -0.892 -0.882 -0.859 -0.810 -0.713 -0.540 -0.277  0.067  0.466  0.887  1.295  1.648  1.926  2.133  2.315  2.479  2.619
4.40 -0.694 -0.740 -0.784 -0.811 -0.811 -0.778 -0.701 -0.556 -0.322  0.007  0.410  0.856  1.315  1.744  2.101  2.384  2.604  2.769  2.915
4.45 -0.648 -0.642 -0.643 -0.656 -0.671 -0.661 -0.608 -0.488 -0.286  0.007  0.390  0.839  1.314  1.779  2.200  2.551  2.828  3.041  3.207
4.50 -0.635 -0.623 -0.605 -0.573 -0.524 -0.468 -0.397 -0.298 -0.138  0.100  0.423  0.833  1.299  1.787  2.255  2.662  2.998  3.268  3.457
4.55 -0.630 -0.613 -0.591 -0.554 -0.485 -0.361 -0.194 -0.021  0.160  0.366  0.619  0.945  1.348  1.811  2.290  2.742  3.132  3.438  3.663
4.60 -0.634 -0.618 -0.593 -0.552 -0.480 -0.348 -0.131  0.154  0.448  0.703  0.942  1.205  1.515  1.898  2.343  2.808  3.232  3.574  3.834
4.65 -0.627 -0.614 -0.593 -0.557 -0.488 -0.360 -0.144  0.172  0.564  0.949  1.271  1.536  1.795  2.096  2.469  2.902  3.325  3.689  3.983
4.70 -0.627 -0.611 -0.589 -0.555 -0.496 -0.379 -0.177  0.125  0.519  0.976  1.427  1.800  2.096  2.363  2.668  3.035  3.433  3.807  4.119
4.75 -0.626 -0.612 -0.582 -0.553 -0.497 -0.395 -0.213  0.068  0.440  0.887  1.385  1.875  2.290  2.617  2.916  3.231  3.576  3.929  4.247
4.80 -0.629 -0.608 -0.584 -0.552 -0.498 -0.399 -0.232  0.029  0.378  0.801  1.281  1.802  2.315  2.755  3.111  3.427  3.742  4.066  4.376
4.85 -0.628 -0.610 -0.586 -0.551 -0.499 -0.407 -0.249  0.001  0.335  0.736  1.196  1.702  2.240  2.759  3.202  3.572  3.897  4.208  4.503
4.90 -0.616 -0.600 -0.577 -0.544 -0.490 -0.400 -0.250 -0.016  0.308  0.699  1.143  1.639  2.172  2.710  3.211  3.644  4.009  4.331  4.616
4.95 -0.591 -0.575 -0.552 -0.520 -0.471 -0.387 -0.242 -0.015  0.300  0.692  1.131  1.615  2.135  2.668  3.192  3.669  4.078  4.421  4.712
5.00 -0.536 -0.528 -0.513 -0.483 -0.435 -0.355 -0.221 -0.005  0.307  0.699  1.139  1.615  2.133  2.654  3.185  3.682  4.119  4.481  4.766
5.05 -0.456 -0.443 -0.427 -0.405 -0.363 -0.286 -0.154  0.049  0.350  0.736  1.170  1.647  2.161  2.672  3.199  3.700  4.147  4.512  4.785
5.10 -0.376 -0.354 -0.332 -0.301 -0.255 -0.183 -0.059  0.129  0.398  0.759  1.194  1.678  2.177  2.701  3.227  3.723  4.160  4.511  4.763
5.15 -0.339 -0.295 -0.251 -0.202 -0.141 -0.052  0.078  0.258  0.507  0.844  1.257  1.729  2.218  2.738  3.254  3.731  4.145  4.467  4.695
5.20 -0.352 -0.297 -0.234 -0.160 -0.070  0.046  0.202  0.403  0.651  0.966  1.349  1.802  2.277  2.773  3.260  3.701  4.082  4.376  4.589
5.25 -0.417 -0.353 -0.277 -0.186 -0.072  0.072  0.260  0.488  0.749  1.050  1.421  1.854  2.310  2.780  3.224  3.623  3.972  4.244  4.457
5.30 -0.498 -0.431 -0.352 -0.255 -0.130  0.037  0.252  0.511  0.800  1.118  1.479  1.885  2.316  2.749  3.148  3.506  3.829  4.090  4.309
5.35 -0.579 -0.526 -0.453 -0.358 -0.233 -0.063  0.169  0.455  0.777  1.118  1.483  1.877  2.281  2.682  3.043  3.369  3.672  3.931  4.157
5.40 -0.638 -0.600 -0.542 -0.462 -0.349 -0.190  0.040  0.349  0.704  1.075  1.453  1.836  2.219  2.594  2.924  3.227  3.515  3.777  4.008
5.45 -0.671 -0.651 -0.611 -0.547 -0.448 -0.300 -0.077  0.238  0.615  1.010  1.400  1.778  2.148  2.498  2.804  3.090  3.366  3.632  3.862
5.50 -0.685 -0.675 -0.653 -0.611 -0.534 -0.405 -0.198  0.112  0.501  0.920  1.330  1.715  2.072  2.402  2.690  2.961  3.228  3.498  3.728
5.55 -0.690 -0.686 -0.675 -0.650 -0.597 -0.492 -0.306 -0.011  0.390  0.829  1.259  1.647  1.996  2.311  2.584  2.844  3.105  3.375  3.601
5.60 -0.693 -0.690 -0.683 -0.668 -0.634 -0.560 -0.404 -0.126  0.271  0.731  1.180  1.578  1.924  2.227  2.489  2.739  2.995  3.262  3.483
5.65 -0.693 -0.691 -0.686 -0.675 -0.654 -0.604 -0.490 -0.254  0.128  0.599  1.079  1.501  1.853  2.150  2.405  2.647  2.899  3.157  3.375
5.70 -0.695 -0.692 -0.687 -0.678 -0.661 -0.623 -0.537 -0.353 -0.011  0.459  0.963  1.417  1.782  2.082  2.333  2.568  2.816  3.065  3.277
5.75 -0.695 -0.693 -0.688 -0.680 -0.665 -0.634 -0.565 -0.420 -0.133  0.319  0.842  1.323  1.710  2.016  2.267  2.498  2.741  2.980  3.180
5.80 -0.695 -0.693 -0.689 -0.681 -0.667 -0.639 -0.581 -0.456 -0.215  0.193  0.718  1.221  1.630  1.946  2.203  2.435  2.673  2.903  3.087
5.85 -0.695 -0.693 -0.689 -0.682 -0.668 -0.642 -0.588 -0.479 -0.264  0.107  0.610  1.120  1.548  1.877  2.141  2.376  2.612  2.833  3.010
5.90 -0.695 -0.693 -0.689 -0.683 -0.671 -0.646 -0.595 -0.495 -0.300  0.039  0.515  1.026  1.469  1.811  2.082  2.323  2.557  2.766  2.933
5.95 -0.694 -0.691 -0.688 -0.681 -0.670 -0.646 -0.599 -0.505 -0.323 -0.004  0.447  0.946  1.395  1.750  2.030  2.277  2.508  2.698  2.854
6.00 -0.692 -0.689 -0.685 -0.678 -0.666 -0.644 -0.601 -0.511 -0.337 -0.028  0.408  0.896  1.343  1.702  1.989  2.240  2.461  2.627  2.790
6.10 -0.694 -0.689 -0.681 -0.670 -0.655 -0.632 -0.592 -0.515 -0.357 -0.072  0.327  0.792  1.240  1.618  1.920  2.168  2.350  2.496  2.680
6.20 -0.698 -0.696 -0.691 -0.680 -0.658 -0.624 -0.574 -0.495 -0.353 -0.101  0.266  0.713  1.161  1.543  1.834  2.057  2.198  2.335  2.551
6.30 -0.700 -0.699 -0.697 -0.693 -0.682 -0.655 -0.595 -0.492 -0.331 -0.090  0.250  0.672  1.094  1.445  1.706  1.886  2.013  2.180  2.411
6.40 -0.701 -0.700 -0.699 -0.697 -0.693 -0.679 -0.645 -0.557 -0.374 -0.091  0.255  0.645  1.008  1.294  1.515  1.677  1.816  2.021  2.272
6.50 -0.702 -0.701 -0.701 -0.699 -0.696 -0.689 -0.668 -0.613 -0.471 -0.193  0.182  0.551  0.858  1.098  1.291  1.455  1.630  1.868  2.128
6.60 -0.702 -0.702 -0.702 -0.701 -0.699 -0.694 -0.680 -0.641 -0.541 -0.326  0.014  0.370  0.658  0.881  1.062  1.240  1.455  1.719  1.989
6.70 -0.703 -0.703 -0.703 -0.703 -0.701 -0.698 -0.688 -0.660 -0.587 -0.428 -0.154  0.164  0.439  0.658  0.844  1.046  1.292  1.574  1.848
6.80 -0.705 -0.704 -0.704 -0.704 -0.703 -0.701 -0.694 -0.674 -0.624 -0.505 -0.293 -0.027  0.225  0.442  0.643  0.876  1.147  1.446  1.711
6.90 -0.706 -0.706 -0.706 -0.706 -0.705 -0.703 -0.698 -0.683 -0.647 -0.561 -0.402 -0.183  0.052  0.258  0.486  0.741  1.023  1.320  1.569
7.00 -0.708 -0.708 -0.708 -0.708 -0.707 -0.704 -0.698 -0.685 -0.657 -0.594 -0.474 -0.297 -0.094  0.125  0.375  0.631  0.917  1.196  1.431
7.10 -0.711 -0.711 -0.711 -0.710 -0.710 -0.708 -0.702 -0.687 -0.657 -0.600 -0.500 -0.352 -0.171  0.046  0.280  0.525  0.801  1.076  1.278
7.20 -0.714 -0.714 -0.714 -0.714 -0.713 -0.712 -0.708 -0.695 -0.664 -0.603 -0.506 -0.373 -0.214 -0.021  0.176  0.414  0.686  0.935
7.30 -0.718 -0.718 -0.718 -0.718 -0.718 -0.717 -0.714 -0.705 -0.681 -0.626 -0.530 -0.407 -0.266 -0.111  0.066  0.299  0.563
7.40 -0.723 -0.723 -0.723 -0.723 -0.723 -0.722 -0.720 -0.714 -0.698 -0.656 -0.578 -0.471 -0.346 -0.213 -0.041  0.194  0.450
7.50 -0.729 -0.729 -0.729 -0.729 -0.729 -0.729 -0.727 -0.723 -0.712 -0.683 -0.628 -0.543 -0.432 -0.306 -0.137  0.089
7.60 -0.736 -0.736 -0.737 -0.737 -0.737 -0.736 -0.736 -0.733 -0.724 -0.704 -0.668 -0.599 -0.504 -0.386 -0.222 -0.007
7.70 -0.746 -0.746 -0.746 -0.746 -0.746 -0.746 -0.745 -0.743 -0.737 -0.723 -0.698 -0.640 -0.563 -0.455 -0.300 -0.103
7.80 -0.757 -0.757 -0.757 -0.757 -0.758 -0.758 -0.757 -0.756 -0.751 -0.743 -0.720 -0.675 -0.610 -0.518 -0.376 -0.204
7.90 -0.772 -0.772 -0.772 -0.772 -0.772 -0.773 -0.772 -0.771 -0.767 -0.763 -0.741 -0.707 -0.655 -0.578 -0.457
8.00 -0.788 -0.788 -0.788 -0.788 -0.788 -0.788 -0.788 -0.787 -0.785 -0.781 -0.763 -0.737 -0.699 -0.636 -0.535
8.10 -0.808 -0.808 -0.808 -0.808 -0.808 -0.808 -0.808 -0.807 -0.808 -0.801 -0.789 -0.771 -0.745 -0.698 -0.621
8.30 -0.861 -0.861 -0.861 -0.861 -0.862 -0.862 -0.861 -0.862 -0.862 -0.857 -0.853 -0.851 -0.851 -0.833 -0.816
8.50 -0.932 -0.932 -0.932 -0.932 -0.932 -0.932 -0.933 -0.932 -0.931 -0.932 -0.936 -0.949 -0.971 -0.977 -1.230
8.70 -0.668 -0.931 -1.004 -1.016 -1.017 -1.017 -1.018 -1.017 -1.018 -1.021 -1.032 -1.060 -1.109 -1.169
